Results from early run - June 30, 2014. See bottom for tally - 50748 dups found and removed (average of 352/playlist of 144 that had dups).

>>> pls.process()
Playlist #1: Playlist

Playlist #2: Friends Ambience.jason tremblay

Playlist #3: ZMore.Rock.Crunchy

Playlist #4: -Chill-Ebullient

Playlist #5: --Chill

Playlist #6: --Filigrees

Playlist #7: ZFor.Havlik group, May '10

Playlist #8: ZMore.Delicacies-Abiding

Playlist #9: ZFor.nancy havlik flashpoint

Playlist #10: ZMore.Deep.Massage

Playlist #11: -Pop.Reveries-Ebullient

Playlist #12: ZMore-Litanies

Playlist #13: Space-Latent

Playlist #14: ZMore.Crisp-Light Touch

Playlist #15: -Rock-Crisp-Bones

Playlist #16: --Hyper

Playlist #17: -Rock-Crisp-Bones-Insinuating

Playlist #18: Filigrees-Phase.Morning
5 4 6 6 5 6 6 5 6 5 5 6 5 6 6 6 5 4 5 6 6 6 6 6 5 5 4 4 4 5 4 5 6 6 5 6 5 6 5 6 6 4 6 6 6 6 6 6 6 6 5 6 5 6 6 3 5 5 5 6 7 6 6 6 6 6 6 5 5 6 6 6 6 5 4 6 6 5 6 5 6 6 5 5 6 
Playlist #19: Space-Hypnotic-Pulse
3 2 3 3 3 4 3 2 2 2 2 3 4 3 3 4 2 2 4 3 2 3 5 3 1 2 3 5 4 3 3 3 3 3 3 3 3 3 2 2 4 4 2 3 3 3 3 3 2 3 2 4 2 2 3 3 2 3 2 2 1 3 3 3 3 1 3 3 4 3 3 
Playlist #20: -Rock-Force-Unmitigated Force
1 4 4 4 2 3 4 2 4 4 2 3 4 4 4 4 4 4 4 4 4 4 3 3 1 4 4 2 4 4 4 4 3 4 4 4 4 3 4 1 4 3 3 4 3 4 3 
Playlist #21: ZMore.Reveries-Stories
1 1 1 1 1 1 1 1 1 1 1 1 1 1 1 1 1 1 1 1 1 1 1 1 1 1 1 1 1 1 1 1 1 1 1 1 1 1 1 1 1 1 1 1 1 1 1 1 1 1 1 1 1 1 1 1 1 1 1 1 1 1 1 1 1 1 1 1 1 1 1 1 1 1 1 1 1 1 1 1 1 1 1 1 1 1 1 1 1 1 1 1 1 1 1 1 1 1 1 1 1 1 1 1 1 1 1 1 1 1 1 1 1 1 1 1 1 1 1 1 1 1 1 1 1 1 1 1 1 1 1 1 1 1 1 1 1 1 1 1 1 
Playlist #22: ZFor.Loren Oct '05
1 1 1 1 1 1 1 1 1 1 1 1 1 1 1 1 1 1 1 1 1 1 1 1 1 1 1 1 1 1 1 1 1 1 1 1 1 1 1 1 
Playlist #23: -Chill-Skittering
9 6 8 7 4 8 3 4 5 10 8 6 4 9 4 4 2 5 4 4 10 4 12 4 9 4 9 4 9 5 11 4 6 4 5 3 8 8 4 4 8 8 2 4 4 9 5 7 8 17 4 5 4 2 2 8 3 10 8 4 3 4 14 3 2 7 13 4 8 4 5 6 8 4 7 9 2 3 2 9 8 7 5 4 4 7 4 5 5 5 6 10 9 4 9 5 6 4 17 4 4 7 3 7 2 9 4 3 2 4 7 10 6 8 4 9 12 4 4 9 3 13 3 4 4 8 11 9 3 10 
Playlist #24: Filigrees.Deep Acoustic
3 3 2 3 2 3 3 3 2 1 2 2 2 3 3 1 3 2 2 2 1 3 2 1 2 2 1 1 2 1 2 3 3 2 1 2 2 4 2 2 3 1 2 2 3 3 2 2 3 2 2 2 2 1 1 2 3 3 2 3 3 1 2 2 1 2 3 2 2 4 2 2 2 2 2 1 2 3 2 2 2 3 4 2 2 2 2 2 2 2 2 2 4 2 1 2 3 4 3 2 1 2 2 3 1 2 2 1 2 2 2 2 2 3 3 4 2 1 2 4 2 2 2 2 2 1 1 4 2 2 2 2 2 1 2 2 2 2 2 3 2 2 3 3 2 4 2 2 1 3 2 2 2 1 1 2 3 2 3 4 2 1 1 2 2 2 1 3 2 2 2 3 3 3 3 2 2 3 4 2 1 3 2 1 3 2 2 2 2 1 3 1 2 2 2 1 1 2 3 2 2 3 2 1 1 3 2 2 1 2 2 2 3 1 3 2 2 2 3 2 1 2 3 2 2 2 2 1 3 2 2 1 2 2 4 2 2 1 4 2 2 3 2 2 2 2 2 1 3 2 4 2 2 2 1 3 1 1 4 2 2 2 3 2 2 2 1 2 1 2 2 2 2 2 3 2 2 2 2 3 2 2 3 2 3 2 1 2 3 2 1 2 2 3 2 2 2 2 1 2 2 3 2 2 2 1 2 1 2 1 2 2 3 2 2 2 2 3 1 2 
Playlist #25: ZMore.Deep.Space
1 1 1 1 1 1 1 1 1 1 1 1 1 1 1 2 1 1 1 1 1 2 1 1 1 1 1 1 1 2 1 1 1 1 1 1 1 1 1 1 1 1 1 1 1 1 1 1 2 1 1 1 1 1 1 1 1 1 1 1 1 1 1 1 1 1 1 1 1 1 1 1 2 1 1 1 1 1 1 1 1 1 1 2 1 1 1 1 1 1 1 1 1 1 1 1 1 1 1 2 1 1 1 1 1 1 1 1 1 1 1 2 2 1 1 1 2 1 1 1 1 1 1 1 1 1 1 1 1 1 1 1 1 1 1 1 1 1 1 1 1 1 1 2 1 1 1 1 1 1 1 1 1 1 1 1 1 1 1 1 1 1 1 1 1 1 1 1 1 1 1 1 1 
Playlist #26: -Pop.Reveries.Chants
2 4 4 3 3 3 3 3 4 4 4 3 3 3 3 4 4 3 4 3 3 4 3 3 3 3 3 4 3 4 2 2 3 4 3 4 3 3 3 4 4 3 2 4 3 4 3 4 2 4 3 3 4 1 3 4 3 3 4 4 3 3 4 3 4 3 4 3 4 3 4 4 4 4 4 4 3 3 3 4 3 3 3 3 3 3 2 3 3 3 3 4 1 3 3 4 3 3 1 3 5 3 3 5 4 3 3 4 3 3 3 4 4 4 4 4 3 4 1 4 3 3 3 3 4 3 4 4 4 3 3 4 4 3 3 3 4 3 3 4 3 3 4 1 2 3 3 2 3 4 4 4 3 2 3 3 3 3 3 2 5 3 4 3 3 3 2 3 3 3 3 3 3 4 3 4 5 3 4 3 3 2 3 3 3 4 3 1 3 3 3 3 3 3 3 3 3 4 3 3 3 3 4 3 4 2 3 3 3 3 4 3 4 4 4 3 4 3 4 3 2 3 2 4 3 4 4 2 3 3 3 3 3 3 3 4 3 4 5 3 3 4 3 3 
Playlist #27: Filigrees-Soft-Diffuse Light
5 6 6 3 5 6 6 3 6 6 5 5 6 6 6 6 5 5 4 3 5 3 6 6 6 5 6 6 6 3 2 6 5 4 5 3 4 6 6 6 6 6 6 6 5 5 6 5 6 6 5 6 4 6 5 6 2 6 6 3 6 5 6 5 5 6 5 6 5 5 3 6 6 6 6 3 3 4 6 5 4 4 6 5 5 6 6 6 5 3 5 5 5 3 5 6 7 6 5 5 6 6 5 6 5 7 6 6 5 4 5 
Playlist #28: --Pop.All

Playlist #29: -Pop.Pop
1 1 1 1 1 1 1 1 1 1 1 1 1 1 1 1 1 1 1 1 1 1 1 1 1 1 1 1 1 1 1 1 1 1 1 1 1 1 1 1 1 1 1 1 1 1 1 1 1 1 1 1 1 1 1 1 1 1 1 1 2 1 1 1 1 1 1 1 1 1 1 1 1 1 1 1 1 1 1 2 1 1 1 2 1 1 1 1 1 1 1 1 1 1 1 1 1 1 1 1 1 1 1 1 1 1 1 1 1 1 1 2 1 1 2 1 1 1 1 1 1 1 1 1 1 2 1 1 1 1 1 1 1 1 1 1 1 1 1 1 1 1 1 1 1 1 1 1 1 1 1 2 1 1 2 1 1 1 1 1 1 1 1 1 1 2 1 2 1 1 1 1 2 1 1 1 2 1 1 1 1 1 1 1 1 1 1 1 1 1 1 1 1 1 1 1 1 1 1 1 1 1 1 1 1 1 1 1 1 1 1 1 1 1 1 1 1 2 1 1 1 1 1 1 1 1 1 2 1 1 1 1 1 1 1 1 1 1 2 1 1 1 1 1 1 1 1 1 1 1 1 1 1 1 1 1 1 2 1 1 1 1 1 1 1 1 1 
Playlist #30: ZMore.Deep.Dreams
1 1 1 1 1 1 1 1 1 1 2 1 1 1 1 1 1 1 1 1 1 1 1 1 1 1 1 1 2 1 1 1 1 1 1 1 1 1 1 1 1 1 1 2 1 1 1 1 1 1 1 1 1 1 1 1 1 1 1 1 1 1 1 1 2 1 1 2 1 1 1 1 1 1 1 1 1 1 1 1 1 1 1 1 1 2 1 1 1 1 1 1 1 1 1 1 1 1 1 1 1 1 1 1 1 1 1 
PYTHON.Playlist #31: -Pop.Reveries.Compulsions
6 6 5 5 5 6 5 5 6 5 5 5 6 6 6 5 3 6 6 6 5 5 6 5 7 6 5 6 5 5 3 6 5 7 5 6 6 3 5 6 5 6 6 5 6 5 6 6 5 5 5 5 5 6 5 6 6 6 5 4 5 3 6 5 2 5 2 5 2 3 6 5 5 5 6 3 6 5 6 5 2 6 6 5 5 5 6 5 1 6 6 6 2 5 5 5 5 5 6 4 6 5 7 5 6 6 5 5 6 5 5 5 6 4 6 3 6 6 5 4 5 5 5 6 5 6 3 5 6 3 5 6 5 5 5 5 4 5 6 6 6 6 5 5 5 4 6 6 6 5 5 8 5 5 2 
Playlist #32: Filigrees-Soft-Comforts
4 4 4 4 4 4 4 4 4 4 3 4 3 4 3 4 3 3 4 4 4 4 4 4 4 4 4 3 4 3 4 4 3 4 4 4 4 4 3 2 3 2 4 3 2 4 2 4 4 4 4 4 4 1 4 4 4 4 4 3 4 4 4 3 4 3 3 4 4 3 4 4 4 2 4 3 4 2 4 4 4 3 2 4 4 3 4 4 3 3 2 4 2 3 4 4 3 2 4 4 3 4 3 3 4 4 4 3 3 4 3 4 4 4 4 4 4 2 3 2 2 3 2 4 3 4 3 2 2 4 4 2 4 2 4 4 4 4 4 4 4 2 2 4 4 4 4 4 4 3 3 3 4 3 3 4 3 3 3 3 5 4 4 3 3 4 4 3 4 2 4 4 3 2 4 4 3 4 4 2 4 1 4 4 3 3 4 3 2 3 3 3 2 4 4 7 
Playlist #33: Hyper-Juke
4 3 3 1 3 4 4 4 3 3 4 1 3 1 1 3 3 3 3 1 3 1 3 4 1 3 3 3 1 3 3 3 3 1 1 3 4 3 3 4 3 3 3 3 3 4 1 3 4 1 4 4 4 1 3 3 4 3 3 4 4 1 4 3 1 3 3 3 3 4 3 1 3 3 1 3 3 3 1 3 1 3 3 3 3 3 3 4 2 1 3 4 1 
Playlist #34: Space-Hypnotic--Serene
3 3 3 3 3 3 2 2 2 2 3 3 2 3 3 3 3 3 1 3 3 3 2 3 3 3 2 3 3 3 3 3 3 3 3 2 3 3 3 3 2 3 2 2 3 3 2 2 3 3 3 3 3 2 2 3 3 3 3 2 3 2 3 3 3 3 2 
Playlist #35: ZMore.Deep.Pulse
1 1 1 1 1 1 1 1 1 1 1 1 1 1 1 1 1 1 1 1 1 1 1 1 1 1 1 1 1 1 1 1 1 1 1 1 1 1 1 1 1 1 1 1 1 1 1 1 1 1 1 1 1 1 1 1 1 1 1 2 1 1 1 1 1 1 1 1 1 1 1 1 1 2 1 1 1 1 1 1 1 1 1 1 1 1 1 1 1 1 1 1 
Playlist #36: -Pop.Reveries.Haunted
5 3 5 6 5 5 7 4 5 5 5 6 6 6 5 4 3 3 2 5 6 5 5 7 5 6 5 5 6 4 5 6 6 5 5 4 6 5 6 6 5 5 5 6 5 2 5 6 4 6 6 2 2 4 4 6 4 5 5 7 4 3 4 5 5 6 6 5 5 5 5 4 6 2 5 6 5 5 6 6 5 5 1 5 4 5 5 5 2 4 5 4 5 5 6 5 6 6 6 5 4 5 3 5 6 6 6 5 6 5 4 4 6 5 5 6 4 5 5 3 4 6 5 2 4 5 4 1 5 6 5 5 5 5 4 6 6 4 2 6 4 5 7 5 6 4 5 5 5 4 7 4 
Playlist #37: Hyper-Ballads
5 5 5 5 5 5 5 5 7 5 6 6 5 5 4 5 6 4 5 6 5 5 4 5 5 5 7 6 6 6 6 6 6 5 5 5 6 6 5 5 5 5 6 5 6 6 5 5 6 5 5 5 5 5 5 5 1 6 5 6 6 6 4 6 6 5 6 5 5 5 5 6 5 6 3 4 5 5 6 5 6 5 5 6 5 6 5 6 5 6 5 1 5 5 5 5 5 5 7 6 6 6 6 5 6 6 5 5 5 5 6 6 5 5 6 6 6 6 6 5 6 5 5 5 6 6 6 5 5 6 5 6 5 5 6 6 5 6 4 5 5 6 6 4 5 7 6 6 5 6 2 5 5 6 6 5 
Playlist #38: Space.Dance
4 3 3 4 4 3 3 5 3 3 5 11 3 2 3 2 3 3 4 6 4 4 3 2 3 2 2 3 4 2 3 2 1 4 3 3 4 4 3 3 3 3 4 3 5 5 4 3 3 3 3 3 4 4 2 4 5 2 3 2 2 4 5 3 5 1 4 4 3 3 4 3 
Playlist #39: ZFor Auditioning.Eric Shimolenis
1 1 1 1 1 1 1 1 1 1 1 1 1 1 1 1 1 1 1 1 1 1 2 1 1 1 1 1 1 1 1 1 1 1 1 1 1 1 1 1 
Playlist #40: ZFrom.lana
1 1 1 1 1 1 1 1 1 1 1 1 1 1 1 1 1 1 1 1 1 1 1 1 1 1 1 1 1 1 1 1 1 1 1 1 1 
Playlist #41: Filigrees-Sensate
3 4 2 9 2 2 9 4 2 4 4 2 9 2 4 4 2 4 4 3 1 2 1 3 4 4 2 9 2 1 4 2 3 4 3 4 7 4 2 3 2 2 3 4 4 4 2 7 3 3 3 3 3 2 4 4 1 2 3 2 3 3 4 3 3 3 4 3 2 4 2 2 4 4 2 3 1 4 4 4 1 3 3 4 2 3 2 4 3 9 2 3 5 4 4 4 3 3 4 3 4 4 3 3 1 4 2 1 4 3 3 4 3 3 4 2 2 3 
Playlist #42: -Pop-Candy-Catchy
6 5 4 5 5 4 4 3 3 6 1 6 5 6 4 4 1 6 4 5 3 3 3 3 5 1 4 5 4 5 5 5 6 3 3 3 1 4 4 3 5 5 4 5 1 5 3 5 5 4 5 5 6 1 5 5 5 5 4 5 3 4 11 5 4 6 3 5 5 4 6 3 5 6 4 4 5 6 6 4 6 5 6 6 6 5 6 4 4 3 3 5 3 4 5 6 5 4 6 2 4 3 4 4 4 6 5 5 6 5 5 4 5 6 1 5 4 4 5 5 4 4 5 5 4 5 6 6 2 4 4 4 6 6 6 3 5 5 3 5 6 1 3 4 2 4 6 6 5 6 4 1 5 5 5 5 4 2 5 5 5 3 3 5 6 5 6 4 3 6 1 3 4 6 3 5 6 4 6 3 4 3 6 3 5 5 7 6 5 1 
Playlist #43: -Rock.Anthem
5 5 4 6 5 4 5 6 5 5 6 6 6 3 6 4 6 6 6 3 5 5 4 6 5 4 6 6 5 5 5 6 6 5 5 5 4 6 10 5 6 5 5 6 5 6 6 5 5 6 5 5 5 4 6 6 6 6 5 5 6 5 5 4 5 5 6 6 6 5 5 5 2 5 1 1 6 4 6 5 4 6 4 1 6 5 6 5 5 5 5 5 5 5 5 4 5 5 6 5 5 5 5 5 5 5 5 5 5 5 6 5 5 6 5 6 5 5 6 4 5 5 
Playlist #44: Weeeird
9 10 10 9 10 9 10 8 10 10 10 10 10 9 11 10 9 8 10 9 10 10 9 9 10 
Playlist #45: ZFrom.Robbie, Oct '05 (ecj)
1 1 1 1 1 1 1 1 1 1 1 1 
Playlist #46: Filigrees-Jazz+

Playlist #47: ZFor.Gretchen, jan '09
1 1 1 1 1 1 1 1 1 1 1 1 1 1 1 1 1 1 1 
Playlist #48: Filigrees--Bones
2 4 4 3 4 3 3 3 4 4 2 3 4 4 3 4 3 4 3 4 3 3 3 2 3 4 2 4 2 3 4 3 4 2 2 3 3 4 1 4 3 4 3 3 3 4 4 3 3 3 3 2 4 4 2 2 3 3 2 3 4 3 3 3 3 3 3 3 6 4 3 4 2 3 3 3 2 3 4 4 2 4 2 3 4 4 3 4 4 2 3 4 4 4 4 2 3 4 3 4 2 3 4 4 3 3 3 4 2 3 3 2 3 3 3 4 4 4 3 4 4 3 4 3 2 3 2 3 4 4 3 3 4 4 3 4 2 2 4 4 4 4 3 4 3 4 2 3 1 4 4 3 4 2 5 4 3 3 2 4 4 3 1 3 4 3 3 3 3 3 4 3 3 2 3 4 3 4 3 
Playlist #49: ZMore.Crisp.Uncluttered Jazz
1 1 1 1 1 1 1 1 1 1 1 1 1 1 1 1 1 1 1 1 1 1 1 1 1 1 1 1 1 1 1 1 1 1 1 1 1 1 1 1 1 1 1 1 1 1 1 1 1 1 1 1 1 1 1 1 1 1 1 1 1 1 1 1 1 1 1 1 1 1 1 1 1 1 1 1 1 1 1 1 1 1 1 1 1 1 1 1 1 1 1 1 1 1 1 1 1 1 1 1 1 1 1 1 1 1 1 1 1 1 1 1 1 1 1 1 1 1 1 1 1 1 1 1 1 1 1 1 1 1 1 1 1 1 1 1 1 1 1 1 1 1 1 1 1 1 1 1 1 1 1 1 1 1 1 1 1 1 1 2 1 1 1 1 1 1 1 1 1 1 1 1 1 1 1 1 1 1 1 1 1 1 1 1 1 1 1 1 1 1 1 1 1 1 1 1 1 1 1 1 1 1 1 1 1 1 1 1 1 1 1 1 1 1 1 1 1 1 1 1 1 1 1 1 1 1 1 1 1 1 1 1 1 1 1 1 1 1 1 1 1 1 1 1 1 1 1 1 1 1 1 1 1 1 1 1 1 1 1 1 1 1 1 2 1 1 1 1 1 1 1 1 1 1 1 1 1 1 1 1 1 1 1 1 1 1 1 1 1 1 1 1 1 1 1 1 1 1 1 1 1 1 1 1 1 1 1 1 1 1 1 1 1 1 1 1 1 1 1 1 1 1 1 1 1 1 1 
Playlist #50: ZFor.Cynthia, Nov '05
1 1 1 1 1 1 1 1 1 1 1 1 1 1 1 1 1 1 1 1 1 1 1 1 1 1 1 1 1 1 1 1 1 1 1 1 1 1 1 1 1 1 1 1 3 1 1 1 1 1 1 1 1 1 1 1 1 1 1 1 1 1 1 1 1 1 1 1 1 1 1 1 1 1 1 1 1 3 1 2 1 1 1 3 1 1 1 1 1 1 1 1 3 1 1 1 1 1 1 1 1 1 1 1 1 1 1 1 1 1 1 
Playlist #51: -- add

Playlist #52: Filigrees-Tight
4 4 4 3 4 4 4 3 3 3 4 4 2 3 2 3 4 4 4 2 4 4 1 4 2 1 3 4 3 3 2 4 3 2 4 1 3 4 4 5 3 4 3 1 1 2 4 3 3 4 4 4 4 3 3 3 3 2 4 4 2 1 4 1 3 1 3 1 3 4 3 4 4 3 3 5 3 1 4 1 4 3 3 4 3 4 
Playlist #53: Jordan's Music

Playlist #54: -Pop.Catchy
2 4 5 3 2 2 2 3 2 2 2 4 3 3 2 3 3 2 3 4 3 2 3 2 2 3 2 2 2 3 2 3 3 3 3 3 2 2 4 2 2 3 2 2 3 2 2 2 2 2 2 3 4 2 3 2 3 3 2 3 2 3 3 2 3 3 3 2 3 4 3 3 2 3 3 2 2 3 2 2 3 2 3 3 2 4 2 2 4 3 4 2 3 3 2 2 3 3 2 3 3 4 3 2 3 2 4 2 3 3 2 5 5 2 2 2 4 3 3 3 2 3 2 3 3 4 2 3 3 2 3 2 2 3 3 2 3 2 3 3 3 3 3 2 3 2 3 2 2 2 3 3 3 3 3 3 3 6 2 2 3 4 4 3 2 2 2 4 2 3 3 2 2 2 6 3 3 3 3 2 2 2 3 3 2 2 2 4 3 2 3 2 2 2 2 2 2 1 3 3 3 3 3 3 3 3 2 2 2 2 2 3 3 2 2 3 2 2 3 3 2 2 3 2 3 2 3 3 2 2 3 2 7 3 3 3 3 3 4 3 3 3 3 1 4 4 3 3 3 2 3 2 4 3 3 4 2 3 2 5 2 4 2 3 
Playlist #55: Filigrees-Stately
8 9 8 8 8 8 9 8 5 8 7 7 7 3 3 9 11 7 3 8 8 8 5 3 8 9 8 2 9 8 7 8 8 3 4 9 8 8 8 8 10 8 7 2 7 9 3 4 8 9 8 2 8 2 8 8 8 11 7 8 8 8 7 8 8 
Playlist #56: ZMore.Deep.Insinuating
1 1 1 1 1 1 1 1 1 1 1 1 1 1 1 1 1 1 1 1 1 1 1 1 1 1 1 1 1 1 1 1 1 1 1 1 1 1 1 1 1 1 1 1 1 1 1 1 1 1 1 1 1 1 1 1 1 1 1 1 1 1 1 1 1 1 1 1 1 1 1 2 1 1 1 1 1 1 1 1 1 1 1 1 1 1 1 1 1 1 1 1 1 1 1 1 1 1 1 1 1 1 1 1 1 1 1 1 1 1 1 1 1 1 1 1 1 1 1 1 1 1 1 1 1 1 1 1 1 1 1 1 1 1 1 1 1 1 1 1 1 1 1 1 1 1 1 1 1 1 1 1 2 1 1 1 1 1 1 1 1 1 1 1 1 1 1 1 1 1 1 1 1 1 1 1 1 1 1 1 1 1 1 1 1 1 1 1 1 1 1 1 1 1 1 1 1 1 1 1 1 1 1 1 1 1 1 1 1 1 1 1 1 1 1 1 1 1 1 
Playlist #57: -Rock-Force-Cataclysmic
4 1 4 4 2 3 3 2 4 4 2 4 3 4 4 1 3 4 4 4 4 4 7 1 3 3 2 4 4 4 4 4 4 4 3 4 4 4 4 4 4 4 3 4 4 4 3 4 4 1 4 2 4 2 4 3 3 4 1 1 4 3 4 3 4 3 3 4 4 
Playlist #58: -Pop.Reveries-Solemn
6 3 6 5 8 6 5 5 5 3 3 3 6 6 6 6 1 5 3 6 6 6 6 8 3 6 6 4 6 7 6 6 6 3 6 6 6 6 6 3 6 1 5 6 7 7 7 2 6 5 6 5 3 5 4 7 10 1 6 6 6 6 6 3 3 5 6 6 6 5 6 5 3 5 5 5 6 3 6 6 6 6 7 6 4 6 6 3 8 6 6 4 6 6 3 3 7 8 6 5 7 5 5 6 9 3 6 4 3 5 6 5 5 3 7 6 2 7 3 6 6 8 6 5 3 5 6 2 5 8 6 6 6 4 6 4 8 5 3 6 6 6 7 6 4 3 6 2 6 8 6 7 7 3 6 8 5 
Playlist #59: and covers
10 10 9 11 14 11 11 11 11 11 11 11 10 9 11 9 9 11 9 11 10 11 10 9 9 10 11 9 10 11 10 10 11 10 17 11 10 10 11 10 9 11 11 9 10 10 11 11 9 10 10 10 9 10 10 10 10 11 10 10 10 10 9 11 9 8 10 10 11 10 9 10 11 
Playlist #60: Hyper-Hyper Vivid
6 5 6 5 5 5 5 5 6 4 6 5 5 4 5 6 6 6 5 5 5 6 6 5 6 5 3 4 5 5 2 6 6 5 2 6 5 5 4 4 6 5 6 5 6 5 5 5 5 4 5 4 5 5 6 5 5 5 7 4 5 4 5 4 5 5 6 7 6 6 6 6 5 4 6 5 4 6 2 4 4 5 5 5 4 4 5 5 5 6 5 5 4 
Playlist #61: ZFor.Susannah, Pending
1 1 1 1 1 1 1 1 1 1 1 1 1 1 1 
Playlist #62: -Pop.Reveries-Graces
5 5 6 5 5 6 6 5 5 6 5 5 6 6 3 5 5 6 5 6 6 5 5 5 6 3 6 6 6 6 5 6 6 6 6 5 5 5 5 5 6 5 5 5 5 6 5 5 7 5 5 6 5 6 5 6 6 9 5 6 5 5 7 6 5 5 6 5 6 4 5 6 3 5 5 5 5 5 6 6 5 6 6 5 5 5 6 6 5 7 5 6 6 5 5 5 5 6 5 6 6 5 6 6 5 6 6 3 6 6 6 6 5 6 5 6 6 6 6 5 5 5 5 6 6 4 5 5 1 6 5 7 6 6 5 5 6 6 6 6 6 6 7 5 7 3 5 5 5 6 6 5 6 
Playlist #63: ZMore.Reveries-Glamour
1 1 1 1 1 1 1 1 1 1 1 1 1 1 1 1 1 1 1 1 1 1 1 1 1 1 1 1 1 1 1 1 1 1 1 1 1 1 1 1 1 1 1 1 1 1 1 1 1 1 1 1 1 1 1 1 1 1 1 1 1 1 1 1 1 1 1 1 2 1 1 1 1 1 1 1 1 1 1 1 1 1 1 1 1 1 1 1 1 1 1 1 1 1 1 1 1 1 1 1 1 1 1 1 1 1 1 1 1 1 1 1 1 1 1 1 1 1 1 1 1 1 1 1 1 1 1 1 1 1 1 1 1 1 1 1 1 2 1 1 1 1 1 1 1 1 1 1 1 1 1 1 1 1 1 1 1 1 1 1 1 1 1 1 1 1 1 1 1 1 1 1 1 1 1 1 1 1 1 1 1 1 1 1 1 1 1 1 1 1 1 1 1 1 1 
Playlist #64: Filigrees-Soft-Effervescent
4 5 4 4 6 5 3 4 4 6 4 1 6 5 6 3 4 6 3 5 6 5 6 5 6 3 6 1 6 6 6 5 5 2 6 1 6 5 6 5 5 2 3 4 4 6 6 5 1 6 6 9 6 5 5 6 6 2 6 1 3 6 5 5 1 1 5 4 5 5 5 1 4 4 1 2 5 5 5 4 6 5 6 6 5 5 6 5 3 5 3 5 4 6 6 4 6 5 6 6 1 6 1 5 7 6 5 3 6 5 6 1 5 5 4 6 6 3 5 3 
Playlist #65: -Chill.Sinuous
6 5 5 5 5 6 6 3 4 5 5 6 4 5 5 5 4 5 5 5 6 6 5 2 5 5 2 5 5 5 5 6 4 6 7 5 6 5 5 5 4 5 4 1 6 5 5 6 1 4 3 6 6 5 5 5 
Playlist #66: -Rock.Coarse
6 6 5 6 6 5 5 5 5 6 6 5 6 4 5 5 5 6 6 6 6 6 6 5 6 5 6 5 6 6 5 6 5 6 6 5 5 5 5 6 6 5 5 5 5 4 4 5 6 6 5 6 5 7 5 5 7 5 6 6 5 4 6 5 5 5 6 6 5 6 6 5 6 5 6 6 5 5 5 5 6 5 5 6 6 5 5 5 6 6 5 6 5 5 6 5 6 
Playlist #67: ZMore.Reveries-(Oddly) Uplifting
1 1 1 1 1 1 1 1 1 1 1 1 1 1 1 1 1 1 1 1 1 1 1 1 2 1 1 1 1 1 1 1 1 1 1 1 1 1 1 1 1 1 1 1 1 1 1 1 1 1 1 1 1 1 1 1 1 1 1 
Playlist #68: -Pop.Reveries.Infusive
5 4 3 3 4 3 3 4 4 2 4 4 3 3 3 3 3 3 4 3 4 3 3 4 4 4 4 4 4 3 3 4 4 3 3 4 3 4 3 4 2 4 4 4 4 4 2 4 4 3 3 4 4 4 3 4 3 4 3 3 3 3 3 4 3 3 3 4 3 4 3 3 3 4 2 3 4 4 4 4 4 3 3 4 3 3 3 3 3 4 4 3 4 3 3 2 3 4 4 3 3 4 4 4 4 4 3 3 4 3 3 4 3 3 3 4 4 4 4 3 4 3 3 4 3 4 4 3 4 4 3 2 3 3 3 4 4 4 3 4 3 3 2 4 6 3 4 4 4 3 4 4 3 2 3 4 4 4 4 3 4 3 3 3 3 4 2 4 3 3 3 3 4 4 4 3 4 4 4 4 3 4 4 3 3 4 3 3 2 4 3 4 2 4 3 3 3 4 3 3 3 4 3 3 3 3 2 4 3 4 3 4 3 4 3 4 4 3 3 3 3 4 4 4 5 
Playlist #69: ZMore.Beat.Beat Epics
1 1 1 1 1 1 1 1 1 
Playlist #70: Spoken Text
3 
Playlist #71: Space.Fierce
4 3 3 4 3 3 1 4 3 4 3 1 3 4 3 3 1 4 3 4 3 4 4 2 3 4 4 3 3 3 2 2 1 4 4 3 3 4 4 3 4 4 4 4 4 3 3 4 3 3 4 3 4 4 2 3 4 4 3 4 3 4 3 1 4 3 3 4 3 2 3 3 4 3 4 3 4 3 4 4 3 3 4 3 3 4 3 4 3 4 3 1 3 4 3 4 4 4 3 4 3 4 3 1 3 4 3 3 4 4 4 2 4 3 3 3 4 3 4 4 3 3 3 1 3 4 4 4 3 2 4 4 1 3 3 4 3 4 2 
Playlist #72: Hyper-Grace
3 3 4 4 3 4 4 3 4 4 3 3 3 3 3 3 3 4 1 3 1 3 3 4 3 3 4 5 3 4 3 4 4 2 4 4 4 3 4 3 4 4 4 4 4 3 3 4 3 2 3 4 3 3 3 3 4 
Playlist #73: Space.Trippy
2 3 3 3 2 2 4 3 3 3 2 3 4 4 4 2 2 4 6 2 4 6 4 4 3 3 3 4 3 3 4 3 2 2 4 4 2 3 3 3 4 5 3 3 3 3 4 4 3 4 3 3 3 2 2 3 
Playlist #74: ZFor.Izza, nov '10
1 
Playlist #75: Laughing Mix

Playlist #76: Filigrees.Bare Beat
5 6 2 6 2 1 2 5 2 3 5 2 6 6 5 5 6 6 6 6 3 2 5 6 6 2 2 1 5 3 5 6 4 3 5 5 6 2 2 6 3 6 5 1 3 6 3 5 6 3 2 5 5 6 2 6 5 4 5 5 6 
Playlist #77: ZFor.John Glenn, Sep 2010
1 1 1 1 1 1 
Playlist #78: -Rock.Menace
6 6 5 1 6 6 5 5 6 5 1 6 4 5 5 6 2 6 3 5 5 6 6 
Playlist #79: ZFor.leslie, jan '08
1 1 1 1 1 1 1 1 1 1 1 1 1 1 1 1 1 1 1 1 1 1 1 1 1 1 1 1 1 1 1 1 1 1 1 1 1 1 1 1 1 1 1 1 1 1 1 1 1 1 1 1 1 1 1 1 1 1 1 1 1 1 1 1 1 1 1 1 1 1 1 1 1 1 1 1 1 1 1 1 1 1 1 1 1 1 1 1 1 1 1 1 1 1 1 1 1 1 1 1 1 1 1 1 1 1 1 1 1 1 1 1 1 1 2 1 1 1 1 1 1 1 1 1 1 1 1 1 1 1 1 1 1 1 1 1 1 1 1 1 1 1 1 1 1 1 1 1 1 1 1 1 1 1 1 1 
Playlist #80: ZFor.Susannah, April 2010
1 1 1 1 1 1 1 1 1 1 1 1 1 1 1 1 1 1 
Playlist #81: -Pop-Candy-Quirky
6 6 5 5 5 5 5 6 5 4 6 2 5 5 5 5 4 5 6 4 6 5 5 4 6 6 5 6 5 5 6 5 6 6 3 6 5 5 5 5 5 5 5 6 5 5 1 5 4 5 5 3 6 5 5 7 6 4 5 6 5 5 5 6 5 3 5 8 5 5 6 6 5 4 5 
Playlist #82: Frogs
8 8 10 9 10 8 10 10 10 10 10 10 10 7 9 8 10 10 10 7 7 10 10 7 10 10 5 7 10 
Playlist #83: -Pop-Sparse-insistent

Playlist #84: -Pop-Cheerful
4 4 6 5 6 6 4 5 6 4 6 5 4 6 5 4 5 5 4 4 4 6 6 7 6 4 3 5 4 5 5 6 5 6 5 5 5 4 4 4 4 6 6 5 5 6 4 6 6 6 5 4 5 5 4 4 5 5 4 9 4 4 5 6 4 5 5 6 5 5 4 5 5 4 4 5 4 5 5 6 6 6 4 5 6 6 5 6 6 5 6 6 2 5 4 6 5 5 5 5 5 5 5 6 4 6 5 4 4 4 5 5 5 6 6 5 4 6 5 5 5 5 5 4 5 4 5 5 6 5 7 5 5 7 5 4 4 5 6 4 2 
Playlist #85: -Pop-Vitalities
8 7 7 6 6 7 7 7 7 7 7 2 7 7 7 7 7 1 7 7 8 7 8 7 7 8 7 7 8 7 6 2 8 7 7 7 7 8 3 7 7 7 3 10 3 7 9 7 7 6 8 7 7 7 7 3 1 7 3 7 7 7 7 7 7 7 7 7 7 5 3 7 2 7 8 7 6 7 7 7 8 7 7 7 7 7 7 4 7 7 7 7 7 7 7 8 7 7 1 7 7 7 7 7 7 7 7 7 2 7 7 7 7 8 7 7 2 7 7 7 7 7 7 7 7 7 1 7 7 7 7 7 8 
Playlist #86: -Chill.Coarse
5 6 5 5 6 5 5 5 5 5 6 5 4 6 5 6 5 6 6 5 5 5 6 5 5 6 6 4 5 6 6 6 6 6 6 5 6 5 6 5 6 5 12 5 5 5 6 6 5 5 6 5 5 6 7 6 6 4 5 7 5 5 7 6 5 5 6 5 6 5 6 5 5 5 5 5 5 5 
Playlist #87: ZMore.Reveries-Hypnotic
1 1 1 1 1 1 1 1 1 1 1 1 1 1 1 1 1 1 1 1 1 1 1 1 1 1 1 1 1 1 1 1 1 1 1 1 1 1 1 1 1 1 1 1 1 1 1 1 1 1 1 1 1 1 1 1 1 1 1 1 1 1 1 1 1 1 1 1 1 1 1 1 1 1 1 1 1 1 1 1 1 1 1 1 1 1 1 1 1 1 1 1 1 1 1 1 1 1 1 1 1 1 1 1 1 1 1 1 1 1 1 1 1 1 1 1 1 1 1 1 1 1 1 1 1 1 1 1 1 1 1 1 1 1 1 1 1 1 1 1 1 1 1 1 1 1 1 1 1 1 2 1 1 1 1 1 1 1 1 1 1 1 1 1 1 1 1 1 1 1 1 1 1 1 1 1 1 1 1 1 1 1 1 1 1 1 1 2 1 1 1 1 1 1 1 1 1 1 1 1 1 1 1 1 1 1 1 1 1 1 1 1 1 1 1 1 
Playlist #88: -Chill-Silk
5 4 9 5 6 4 4 4 4 6 8 4 5 5 5 5 6 11 4 4 4 5 5 5 5 11 6 4 5 5 2 6 4 4 3 5 5 5 6 7 6 11 6 6 4 6 
Playlist #89: Friends Ambience.daniel barbiero
5 1 1 1 1 2 2 5 5 1 
Playlist #90: ZFor.Caylin, 23Dec07
1 1 1 1 1 1 1 1 1 1 1 1 1 1 1 1 1 1 1 1 1 1 1 1 1 1 1 1 1 1 1 1 1 1 1 1 1 1 1 1 1 2 1 1 1 1 
Playlist #91: -Rock-Crisp.Sizzling
2 4 3 3 2 2 4 3 1 3 3 3 1 3 3 3 4 3 3 2 3 3 3 3 2 3 3 3 3 3 3 3 3 2 3 3 3 3 3 2 3 2 3 3 3 3 3 2 2 3 3 3 3 2 3 3 3 2 3 2 3 2 3 3 3 3 3 2 3 2 3 3 3 3 3 2 2 2 2 3 3 3 3 4 2 3 3 3 3 2 3 2 3 3 3 3 3 3 2 3 4 2 3 3 3 3 3 3 3 2 3 3 3 2 2 2 3 4 3 2 3 3 3 3 3 3 3 3 3 3 2 2 2 3 3 3 3 3 3 3 2 3 3 3 3 3 2 3 2 3 3 2 3 3 2 4 3 3 3 3 3 3 3 3 2 3 3 3 3 4 1 3 3 2 3 3 3 7 3 3 3 3 2 1 5 3 3 2 1 3 3 3 3 3 3 3 3 3 3 4 2 2 2 3 3 4 3 3 2 3 3 2 3 3 3 3 3 2 2 3 3 3 2 3 3 3 3 3 3 2 3 2 3 2 2 2 3 3 3 3 3 3 3 3 3 3 2 2 3 3 3 3 3 4 3 3 2 3 3 3 3 2 2 3 4 3 2 3 3 3 
Playlist #92: Space-Timeless-Light
5 5 6 5 5 5 6 6 6 5 5 4 6 5 7 6 6 5 6 2 6 6 6 7 5 5 6 6 6 6 4 13 4 6 5 6 4 5 6 6 6 5 6 5 5 6 6 5 6 5 6 4 11 5 
Playlist #93: -Pop-Candy-Jump

Playlist #94: Filigrees-Formal
5 6 7 6 6 5 6 6 6 5 6 6 6 6 6 6 5 3 6 6 6 3 6 6 7 6 6 5 6 6 6 6 5 6 6 6 6 6 6 5 5 6 5 6 6 6 6 5 5 6 6 6 6 5 5 6 5 6 6 6 6 6 6 5 6 6 5 6 6 6 5 6 6 6 6 3 6 6 6 6 6 6 5 6 
Playlist #95: Filigrees.Guitars and ish
4 4 2 4 2 4 2 4 2 4 3 4 2 2 4 2 4 2 4 4 3 4 4 3 4 4 3 3 4 4 4 2 4 4 4 4 4 2 3 4 4 3 3 4 4 3 4 4 3 4 4 4 4 4 4 3 4 4 4 4 4 4 3 4 2 4 4 4 4 4 3 4 4 5 4 3 4 2 4 4 3 4 2 4 2 4 3 4 2 4 4 4 4 4 4 4 4 4 4 3 4 4 3 4 1 4 2 4 3 4 2 4 4 4 4 4 4 4 4 4 4 4 4 4 4 2 4 3 3 2 4 4 2 4 4 4 3 4 4 4 4 4 4 4 4 4 1 2 3 4 4 3 3 2 4 4 3 4 3 4 3 4 4 3 4 4 4 3 4 4 3 4 4 4 4 2 4 4 4 2 5 2 1 3 4 4 2 4 4 3 4 3 4 4 4 4 4 2 4 4 4 4 4 4 4 4 4 2 4 4 1 4 4 3 4 4 4 3 4 2 3 4 
Playlist #96: Space.Epic
4 5 5 4 3 5 5 4 4 3 5 5 4 5 3 4 4 4 5 4 5 5 4 3 3 4 5 5 5 4 5 
Playlist #97: ZFor.Choreographers
1 1 1 1 1 1 1 1 1 1 1 1 1 1 1 1 1 1 1 1 1 1 1 2 1 1 1 1 1 2 1 1 1 1 1 1 1 1 1 1 1 1 1 1 
Playlist #98: ZFrom.Izza, Sep '11
1 
Playlist #99: Filigrees-Solemn Force
4 3 3 4 3 4 1 4 3 1 4 1 4 4 4 4 4 4 3 4 4 7 3 4 4 4 4 1 4 4 1 2 3 4 4 3 1 1 3 3 4 4 4 4 1 4 4 3 3 1 4 4 3 
Playlist #100: -Chill.Quirky Beat
6 4 8 5 5 6 8 4 5 6 6 4 5 5 6 6 6 6 6 3 4 5 4 5 6 4 5 5 6 3 5 4 5 6 6 5 11 6 5 5 6 5 4 3 6 6 4 6 4 5 3 5 6 5 4 5 5 5 6 6 5 5 7 6 3 6 5 4 5 6 5 5 4 5 6 5 5 5 6 5 5 5 6 5 6 6 5 6 5 6 6 5 5 5 6 5 6 
Playlist #101: Space-Skittering
3 4 4 3 3 4 3 4 4 4 4 3 3 3 4 3 3 4 2 4 4 3 4 3 4 4 4 4 4 4 5 4 4 3 4 2 3 4 4 5 8 1 3 3 4 3 4 4 3 3 4 1 3 3 3 4 3 3 3 4 4 2 4 4 3 4 3 3 1 3 3 3 5 
Playlist #102: -Pop.Crisp
4 5 4 5 5 5 5 3 4 6 4 5 2 3 6 5 4 4 4 5 6 6 5 6 3 5 4 6 3 3 5 5 5 5 4 4 4 6 5 4 4 3 3 5 6 6 5 6 6 5 3 4 4 4 6 3 5 5 6 3 3 5 3 5 5 3 5 6 4 4 6 4 3 3 4 4 4 5 5 5 3 5 5 5 6 5 5 5 6 4 3 5 4 5 4 3 4 3 5 5 5 5 4 5 4 4 5 1 3 3 5 5 3 6 5 5 4 3 4 4 5 5 4 5 5 6 5 2 4 5 3 5 6 5 4 5 3 3 5 3 5 3 5 4 5 5 4 3 6 3 5 6 3 5 5 3 4 3 5 3 5 5 3 6 3 6 5 1 5 5 6 5 4 5 4 4 3 5 4 5 3 7 5 6 
Playlist #103: -Pop.Reveries-- Wistful
3 3 3 3 4 4 3 3 2 3 3 4 4 3 3 3 2 3 4 3 4 4 3 3 3 3 4 4 3 3 4 4 3 3 3 3 3 3 4 1 4 4 4 5 4 3 4 3 4 4 3 4 3 3 3 2 4 3 3 3 3 3 3 4 4 4 4 4 3 4 3 1 4 4 1 4 3 3 2 4 3 4 3 3 4 3 4 4 3 3 3 3 1 4 3 3 4 4 3 4 3 3 4 3 3 1 2 3 3 4 4 4 4 3 3 4 4 1 4 4 3 4 4 3 3 4 4 
Playlist #104: ZFor.Kath - Fun Oct '05
1 1 1 1 1 1 1 1 1 1 1 1 1 1 1 1 1 1 1 1 
Playlist #105: ZMore.Delicacies.Epics
1 1 1 1 1 1 1 1 1 1 1 1 1 1 1 1 1 1 1 1 1 1 1 1 1 1 1 1 1 1 1 1 1 1 1 1 1 1 1 1 1 
Playlist #106: -- Exquisite
3 1 3 3 4 1 4 4 3 4 3 4 3 4 10 5 5 4 3 3 1 5 10 3 5 4 6 3 1 4 6 5 5 4 2 4 5 10 5 3 4 4 5 3 3 1 5 3 3 5 5 4 2 2 4 3 4 5 5 3 5 4 4 5 3 5 7 3 5 4 4 6 1 4 5 3 4 4 4 5 2 1 5 4 2 3 3 4 5 4 7 3 4 5 5 5 4 5 5 5 3 4 4 4 4 3 4 2 4 3 5 3 4 1 4 4 4 5 3 3 3 1 5 4 5 4 4 5 3 4 5 4 1 5 4 5 4 5 9 3 5 4 4 5 1 5 5 4 3 4 3 4 2 3 4 5 3 4 4 1 1 6 4 5 3 4 4 6 5 11 4 4 1 3 5 6 5 5 3 6 5 4 5 5 4 
Playlist #107: ZFor.Caylin, 08Dec2009
1 1 1 1 1 1 1 1 1 1 1 1 1 1 1 1 1 1 1 1 1 1 1 1 1 1 1 1 1 1 1 1 1 1 1 1 
Playlist #108: ZMore.Crisp-Crisp 'n Clear
1 1 1 1 1 1 1 1 1 1 1 1 1 1 1 1 1 1 2 1 1 1 1 1 1 1 1 1 1 1 1 1 1 1 1 1 1 1 1 1 1 1 1 1 1 1 1 1 3 1 1 1 1 1 1 2 1 1 1 1 1 1 1 1 1 1 1 1 1 1 1 1 1 1 2 1 1 1 1 1 1 1 1 1 1 1 1 1 1 1 1 1 1 1 1 1 1 1 1 1 1 1 1 1 1 1 1 1 1 1 1 1 1 1 1 1 1 1 1 1 1 1 1 1 1 1 1 1 1 1 1 1 1 1 1 1 1 1 1 1 1 1 1 1 1 1 1 1 1 1 1 1 1 1 1 1 1 1 1 1 1 1 1 1 1 1 1 1 1 1 1 1 1 1 1 1 1 1 1 1 1 1 1 1 1 1 1 1 1 1 1 1 1 1 1 1 1 1 1 1 1 1 1 1 1 1 1 1 1 1 1 1 1 1 1 1 1 1 1 1 1 1 1 1 1 1 1 1 1 1 1 1 1 1 1 1 1 1 1 1 1 1 1 1 1 1 1 1 1 1 1 2 1 1 1 1 1 1 1 1 1 1 1 1 1 1 1 1 1 1 1 1 1 1 1 1 1 1 1 1 1 1 1 1 1 1 1 1 1 1 2 1 1 1 1 1 1 1 1 1 1 1 1 1 1 1 1 1 1 1 1 1 1 1 1 1 1 1 1 1 1 1 1 1 1 1 1 1 1 1 1 1 1 1 1 1 1 1 1 1 1 1 1 1 1 1 1 1 1 1 1 1 1 1 1 1 1 1 1 1 1 1 1 1 1 1 1 1 1 1 
Playlist #109: -Rock-Convictions.Resounding
7 5 6 5 4 7 6 5 5 5 7 4 5 2 6 6 3 4 4 7 5 5 5 5 5 5 4 5 5 5 2 5 7 5 4 4 5 5 3 7 2 7 4 5 6 5 3 6 8 7 3 4 5 4 5 7 7 6 6 5 4 5 4 5 5 5 4 6 5 4 5 5 2 5 3 5 5 5 5 
Playlist #110: -Pop-Candy-Party
5 3 4 4 1 3 4 4 4 4 4 4 4 4 3 4 3 3 4 3 4 3 4 4 3 4 3 3 4 3 4 3 4 4 3 3 5 4 3 4 4 4 4 4 4 4 4 4 3 4 4 4 4 4 4 4 4 4 4 3 4 4 5 3 3 3 4 4 4 4 1 4 3 4 5 3 3 4 3 3 3 4 3 3 3 3 3 4 4 3 3 4 4 4 4 3 4 4 4 4 4 3 4 3 5 4 3 4 3 4 4 4 3 4 3 3 4 3 3 4 4 4 5 4 3 4 4 4 3 5 4 4 3 5 4 4 4 4 4 4 3 4 4 4 6 4 4 3 4 5 3 4 4 4 4 3 4 4 4 3 3 4 4 5 4 3 4 4 3 4 3 3 3 3 3 4 3 3 4 4 4 4 3 4 4 4 4 4 4 3 3 4 4 4 3 3 4 3 3 4 3 2 4 3 4 4 4 4 4 4 6 4 4 
Playlist #111: -Chill.Sizzle
4 5 5 5 5 6 5 5 1 5 5 5 5 6 5 6 5 6 5 6 8 5 6 5 5 3 3 5 6 6 5 5 7 5 5 7 6 6 6 6 6 5 6 5 5 6 6 5 5 7 7 3 7 6 5 5 1 5 5 6 5 6 5 
Playlist #112: -Pop.Sizzle
6 7 5 5 5 5 5 4 6 6 4 1 5 5 6 5 5 5 6 6 4 5 5 6 5 5 5 4 5 5 5 6 5 5 5 7 5 6 5 6 6 6 5 5 5 6 5 5 12 5 6 5 2 2 7 5 5 5 7 7 5 5 7 4 5 6 5 4 5 4 7 5 2 4 5 6 5 6 5 1 5 5 3 5 5 5 7 6 4 5 5 5 7 5 5 5 6 11 4 2 5 5 5 5 5 6 6 5 5 6 5 5 5 5 5 6 13 6 5 5 6 4 5 2 5 7 
Playlist #113: ZFor.Bill Stevens, Mar '09
1 1 1 1 1 1 1 1 1 1 1 1 1 1 1 1 1 1 
Playlist #114: Hyper-Sparse
5 5 4 6 6 6 4 6 7 6 6 6 5 6 7 5 6 6 6 7 4 5 6 7 7 6 1 6 6 6 6 7 6 6 5 5 6 6 5 6 6 6 6 6 6 6 5 5 6 6 6 7 6 6 6 7 6 6 6 1 6 6 6 6 5 6 6 6 7 7 6 5 6 4 6 6 5 4 6 6 3 5 6 6 6 6 5 7 4 6 6 6 7 6 7 6 5 7 6 5 7 6 7 6 2 7 6 6 2 6 7 6 6 8 7 7 6 4 7 6 6 6 6 6 6 4 5 7 6 7 5 4 6 7 5 6 5 2 7 6 7 6 7 2 7 6 6 6 
Playlist #115: -Chill-Jazz
1 6 4 5 1 6 5 4 1 4 5 5 6 4 6 6 5 5 1 6 5 5 4 6 4 3 1 5 1 5 5 6 6 5 5 5 6 6 5 1 6 6 6 6 6 5 6 4 1 6 6 6 5 5 4 5 6 4 5 6 4 6 6 5 5 11 6 4 1 6 5 5 4 6 5 6 4 7 6 6 5 4 4 5 5 4 6 5 7 4 6 5 4 7 1 5 6 5 5 6 5 6 6 7 6 6 4 4 6 4 4 2 2 6 5 5 6 8 6 6 5 5 7 4 5 6 5 6 5 7 6 5 1 6 1 5 1 6 5 6 5 6 6 
Playlist #116: ZMore.Rock.Surge
1 1 1 1 1 1 1 1 1 1 1 1 1 1 1 1 1 1 1 1 1 1 1 1 1 1 1 1 1 1 1 1 1 1 1 1 1 1 1 1 1 1 1 1 1 1 1 1 1 1 1 1 1 1 1 1 1 1 1 1 1 1 1 1 1 1 1 1 1 1 1 1 1 1 1 1 1 1 1 1 1 1 1 1 1 1 1 1 1 1 1 1 1 1 1 1 1 1 1 1 1 1 1 1 1 1 1 1 1 1 1 1 1 1 1 1 1 1 1 1 1 1 2 1 1 1 1 1 1 1 1 1 1 1 1 1 1 1 1 1 1 1 1 1 1 1 1 1 1 1 1 1 1 1 1 1 1 1 1 1 1 1 1 1 1 1 1 1 1 1 1 1 1 1 
Playlist #117: Hyper-Trippy
8 1 8 8 2 17 1 8 8 13 7 8 8 9 8 8 8 10 1 8 2 9 1 7 2 8 19 8 8 9 9 9 8 8 8 8 7 7 2 7 8 2 8 7 2 9 9 9 2 8 5 1 9 9 8 4 9 8 8 9 7 7 7 6 9 4 1 9 8 8 8 2 
Playlist #118: ZFrom Melissa, Oct '14

Playlist #119: Hyper-Fierce Convictions
2 2 7 4 8 8 3 8 7 8 8 9 2 2 8 9 9 3 4 3 3 3 2 8 5 2 8 8 2 7 8 3 9 2 4 7 9 8 8 8 8 3 12 7 3 2 9 9 10 5 8 8 3 3 9 8 2 3 3 8 8 7 8 4 8 7 3 9 8 9 8 2 9 9 2 8 8 8 8 3 9 7 8 7 17 3 5 3 9 3 9 9 8 4 7 2 9 9 2 8 8 8 3 8 9 7 2 2 2 
Playlist #120: -Rock-Force-Sheer Energy
5 5 3 2 2 2 6 2 3 6 2 3 3 3 8 2 5 6 6 2 7 7 5 4 5 11 7 2 4 5 4 7 5 7 2 3 7 6 4 3 8 7 1 7 6 6 5 2 6 2 5 7 5 6 3 8 5 7 6 5 5 6 6 10 5 5 3 11 5 7 
Playlist #121: ZMore.Reveries-Idyllic
1 1 1 1 1 1 1 1 1 1 1 1 1 1 1 1 1 1 1 1 1 1 1 1 1 1 1 2 1 1 1 1 1 1 1 1 1 1 1 1 1 1 1 1 1 1 1 1 1 1 1 1 1 1 1 1 1 1 1 1 1 1 1 1 1 1 1 1 1 1 1 1 1 1 1 1 1 1 1 1 1 1 1 1 1 1 1 1 1 1 1 1 1 1 1 1 1 1 1 1 1 1 1 1 1 1 1 1 1 1 1 1 1 1 1 1 1 1 1 1 1 1 1 1 1 1 1 1 1 1 1 1 
Playlist #122: -Rock-Force.Force
4 4 6 5 4 4 3 4 5 4 4 11 5 4 5 5 4 5 4 8 4 5 5 4 7 10 5 3 4 4 5 4 5 4 4 3 7 4 4 5 4 5 6 4 6 4 5 4 6 7 6 5 5 6 4 11 4 5 5 5 5 5 6 5 5 5 4 5 6 6 4 3 5 7 5 5 4 4 6 5 5 6 4 4 4 4 5 6 4 3 3 5 5 5 5 5 7 5 4 5 4 5 4 4 3 
Playlist #123: -Pop.Reveries-Lilting
3 4 3 3 7 3 3 3 4 3 3 3 2 4 3 4 3 3 3 3 3 4 3 3 2 4 5 4 3 3 2 3 4 3 3 3 3 2 3 6 3 3 2 4 3 3 4 3 1 3 3 2 4 3 3 3 4 3 2 3 3 3 3 3 3 3 3 3 2 3 3 3 4 3 4 2 4 3 4 1 1 4 1 4 3 3 3 3 4 3 
Playlist #124: -Rock-Litanies
5 4 4 4 4 4 4 5 4 4 4 4 4 5 4 4 4 4 4 4 5 4 4 4 5 5 4 4 4 5 4 4 4 5 5 5 4 5 3 4 3 4 5 3 4 4 4 4 
Playlist #125: -Pop-Catalytic
6 6 5 4 5 5 5 5 5 5 2 5 2 6 5 6 5 6 3 4 3 6 5 6 5 3 6 5 5 6 3 4 6 6 5 5 3 6 6 5 5 5 5 4 6 5 5 6 4 6 3 4 3 4 6 2 5 5 6 3 6 4 5 5 5 6 4 2 5 5 6 5 3 5 4 6 5 6 4 5 6 5 6 4 5 2 2 5 6 6 5 5 4 4 3 5 6 6 5 6 5 5 6 5 5 2 4 6 7 6 3 6 5 5 4 5 5 5 2 4 4 5 6 5 5 5 7 3 5 5 3 6 3 6 5 3 3 4 5 5 4 5 5 2 5 5 5 6 7 5 6 
Playlist #126: ZFor.Gretchen, July '10
1 1 1 1 1 1 1 1 1 1 1 1 1 1 1 1 1 1 1 1 
Playlist #127: -Rock-Force-Surge
6 3 4 4 3 3 4 3 4 3 3 4 3 4 2 4 4 4 3 3 4 3 6 4 3 4 2 4 3 3 4 4 3 3 4 3 3 4 6 4 4 4 3 3 4 3 3 3 3 4 4 3 3 4 4 4 3 4 4 3 3 3 3 4 4 3 4 3 4 3 3 3 4 4 4 4 4 4 3 3 4 5 4 3 4 4 3 3 4 4 3 3 1 2 3 4 4 3 3 4 4 4 4 9 4 3 1 4 4 3 4 4 4 3 3 3 4 4 4 3 4 4 4 4 4 3 3 3 4 3 3 4 3 4 3 5 4 4 4 4 4 4 6 4 1 3 1 4 4 2 4 4 3 4 4 3 3 4 4 4 4 4 3 4 3 4 4 3 3 3 4 3 6 3 3 3 3 3 4 3 4 4 4 4 4 4 3 4 4 3 3 4 4 4 4 3 4 3 4 4 3 4 4 3 3 3 3 4 3 3 4 2 3 4 4 4 4 3 
Playlist #128: ZMore.Reveries-Haunted
1 1 1 1 1 1 1 1 1 1 1 1 1 1 1 1 1 1 1 1 1 1 1 1 1 1 1 1 1 1 1 1 1 1 1 1 1 1 1 1 1 1 1 1 1 1 1 1 1 1 1 1 1 1 1 1 1 1 1 1 1 1 1 1 1 1 1 1 1 1 1 1 1 1 1 1 1 1 1 1 1 1 1 1 1 1 1 2 1 1 1 1 1 1 1 1 1 1 1 1 1 1 1 1 1 1 1 1 1 1 1 1 1 1 1 1 1 1 1 1 1 1 1 1 1 1 1 1 1 1 1 1 1 1 1 1 1 1 1 1 1 1 1 1 1 1 1 1 1 1 1 1 1 1 1 1 1 1 1 1 1 1 1 1 1 1 1 1 1 1 1 1 1 1 1 1 1 1 1 1 1 1 1 1 1 1 1 1 1 1 1 1 1 1 1 1 1 1 1 1 1 1 1 1 1 1 1 1 1 1 1 1 1 1 1 1 1 1 1 1 1 1 1 1 1 1 1 1 1 1 1 1 1 1 1 1 1 1 1 1 1 1 1 1 1 1 1 1 1 3 1 1 1 1 1 1 1 1 1 1 1 1 1 1 1 1 1 1 
Playlist #129: ZFor.Gretchen, Feb '11
1 1 1 2 
Playlist #130: -Pop.Reveries-Bones
5 5 5 1 2 2 2 3 3 1 5 4 2 2 3 3 3 5 5 3 2 3 2 2 6 2 1 3 2 1 2 2 1 1 6 5 5 4 5 1 5 1 5 4 4 5 2 6 4 2 1 1 3 5 5 5 2 4 3 1 5 2 2 5 5 2 3 2 1 1 3 3 5 4 7 5 6 3 3 1 6 4 3 4 6 6 2 2 2 4 4 1 6 6 2 4 3 2 6 3 2 1 2 3 5 2 1 3 3 2 3 5 3 6 4 4 1 1 6 4 5 2 4 4 1 5 6 3 1 4 1 2 3 3 2 5 5 3 3 3 1 4 5 3 3 3 3 2 3 3 3 4 4 1 2 6 1 3 1 3 5 3 4 4 5 3 2 1 4 3 4 5 3 1 3 3 1 3 4 1 4 3 2 5 1 4 5 3 3 1 5 3 5 3 4 2 1 1 2 3 3 3 4 5 1 5 6 3 4 1 4 1 4 1 5 6 3 3 5 5 3 2 5 6 4 3 4 1 4 
Playlist #131: -Chill.Sparse
5 5 4 5 5 5 4 3 4 6 3 6 5 5 2 4 5 4 6 5 8 6 5 6 5 4 5 5 5 3 6 5 3 9 5 6 4 4 7 5 2 6 4 5 3 5 4 5 4 6 5 3 6 1 5 5 5 5 6 5 4 2 4 7 4 
Playlist #132: ZMore.Reveries-Litanies
1 1 1 1 1 1 1 1 1 1 1 1 1 1 1 1 1 1 1 1 1 1 1 1 1 1 1 1 1 1 1 1 1 1 1 1 1 1 1 1 1 1 1 1 1 1 1 1 1 1 1 1 1 1 1 1 1 1 1 1 1 1 1 1 1 1 1 1 1 1 1 1 1 1 1 1 1 1 1 1 1 1 1 1 1 1 1 1 1 1 1 1 1 1 1 1 1 1 1 1 1 1 1 1 1 1 1 1 1 1 1 1 1 1 1 1 1 1 1 1 1 1 1 1 1 1 1 1 1 1 1 1 1 1 1 1 1 1 1 1 1 1 1 1 1 1 1 1 1 1 1 1 1 1 1 1 1 1 1 1 1 1 1 1 1 1 1 1 1 1 1 1 1 1 1 1 1 1 1 1 1 1 1 1 1 1 1 1 1 1 1 1 1 1 1 1 1 1 1 1 1 1 1 1 1 1 1 1 1 1 1 1 1 1 1 1 1 1 1 1 1 1 1 1 1 1 1 1 1 1 1 1 1 1 1 1 1 1 1 1 1 1 1 1 1 1 1 1 1 1 1 1 1 1 1 1 1 1 1 1 1 1 1 1 1 1 1 1 1 1 1 1 1 1 1 
Playlist #133: ZZNotMobile
2 1 
Playlist #134: Filigrees--Exquisite
3 2 3 2 2 4 4 5 3 4 2 3 1 4 1 2 3 3 2 4 3 2 3 2 3 3 4 4 3 3 3 4 3 4 3 2 2 3 4 4 2 3 2 1 2 3 3 2 2 4 3 2 2 2 2 4 2 2 2 1 3 1 4 3 7 3 
Playlist #135: ZMore.Rock.Anthem
1 1 1 1 1 1 1 1 1 1 1 1 1 1 1 1 1 1 1 1 1 1 1 1 1 1 1 1 1 2 1 1 1 1 1 1 1 1 1 1 1 1 1 1 1 1 1 1 1 1 1 1 1 1 1 1 1 1 1 1 1 1 1 1 1 1 1 1 1 1 1 1 1 1 1 1 1 1 1 1 1 1 1 1 1 1 1 1 1 1 1 1 1 1 1 1 1 1 1 1 1 1 1 1 1 1 1 1 1 1 1 1 1 1 1 1 1 1 1 1 1 1 1 1 1 1 1 1 
Playlist #136: ZFor.kevin and cheryl Oct 05
1 1 1 1 1 1 1 1 1 1 1 1 1 1 1 1 1 1 1 1 1 1 1 1 1 1 1 1 1 1 1 1 1 1 1 1 1 1 1 1 1 1 1 1 1 1 1 1 1 1 1 1 1 1 1 1 1 1 1 1 1 1 1 1 1 1 1 1 1 1 1 1 1 1 1 1 1 1 1 1 1 1 1 1 1 1 
Playlist #137: --Rock
1 1 1 1 1 1 1 1 1 1 1 1 1 1 1 1 1 1 1 1 1 1 1 1 1 1 1 1 1 1 1 1 1 1 1 1 1 1 1 1 1 1 1 1 1 1 1 1 1 1 1 1 1 1 1 1 1 1 1 1 1 1 1 1 1 1 1 1 1 1 1 1 1 1 1 1 1 1 1 1 1 1 1 1 1 1 1 1 1 1 1 1 1 1 1 1 1 1 1 1 1 1 1 1 1 1 1 1 1 1 1 1 1 1 1 1 1 1 1 1 1 1 1 1 1 1 1 1 1 1 1 1 1 1 1 1 1 1 1 1 1 1 1 1 1 1 1 1 1 1 1 1 1 1 1 1 1 1 1 1 1 1 1 1 1 1 1 1 1 
Playlist #138: -Pop-Funk
3 3 3 3 3 3 4 3 4 3 3 3 3 3 4 4 3 3 4 3 4 3 3 3 3 3 3 3 4 4 4 3 3 3 2 3 4 3 3 3 3 4 3 
Playlist #139: Filigrees-Skittering
9 8 9 8 7 9 8 8 8 7 3 10 8 8 8 7 8 9 8 8 1 10 9 7 7 8 8 8 8 6 8 8 9 1 8 7 8 8 8 7 8 7 8 8 7 8 7 16 4 9 7 8 10 2 9 13 12 7 7 9 7 4 8 8 4 7 8 9 7 9 8 2 8 7 7 8 8 4 9 7 7 7 8 8 8 9 9 6 8 8 8 8 8 9 6 9 9 3 3 7 8 3 8 8 9 8 7 9 7 7 
Playlist #140: ZMore.Deep.Pattern
1 1 1 1 1 1 1 1 1 1 1 1 1 1 1 1 1 1 1 1 1 1 1 1 1 1 1 1 1 1 1 1 1 1 1 1 1 1 1 1 1 1 1 1 1 1 1 1 1 1 1 1 1 1 1 1 1 1 1 1 1 1 1 1 1 1 1 1 1 1 1 1 1 1 1 1 1 1 1 1 1 1 1 1 1 1 1 1 1 1 1 1 1 1 1 1 1 1 1 2 1 1 1 1 1 1 1 1 1 1 1 1 1 2 1 1 1 1 1 1 1 1 1 1 1 1 1 1 1 1 1 1 1 1 1 1 1 1 1 1 1 1 1 
Playlist #141: -Rock-Anthem
5 5 6 5 5 5 6 5 6 6 5 5 5 5 6 3 6 5 5 5 5 3 5 5 5 6 5 5 6 5 6 1 5 5 5 6 5 4 6 6 6 6 5 6 1 5 5 6 5 6 5 6 5 6 5 5 6 5 2 
Playlist #142: -Rock-Convictions-Exultations
1 1 3 3 2 3 2 3 4 1 3 1 2 2 3 1 1 2 3 2 1 3 3 3 2 2 3 3 2 1 4 1 3 3 3 2 1 4 2 3 2 3 2 3 1 1 1 3 
Playlist #143: Filigrees--Infinite-Leisure
4 3 4 4 3 3 3 3 4 3 4 6 2 4 3 4 4 3 4 5 3 3 4 5 4 8 4 3 2 4 3 4 4 3 3 3 3 3 3 4 
Playlist #144: Space-Bones
4 4 4 2 3 3 4 2 4 3 3 4 4 3 3 3 4 4 3 3 4 4 4 4 3 3 4 3 3 3 4 4 3 3 3 3 3 4 3 3 3 4 4 4 3 3 3 3 3 4 3 3 4 3 3 3 3 4 3 3 3 3 3 3 4 3 3 4 4 3 4 3 3 4 4 3 3 3 4 3 3 4 4 2 3 6 2 3 4 4 4 4 3 5 4 4 3 4 4 4 3 3 3 4 3 
Playlist #145: ZMore.Reveries-Fierce
1 1 1 1 1 1 1 1 1 1 1 1 1 1 1 1 1 1 1 1 1 1 1 1 1 1 1 1 1 1 1 1 1 1 1 1 1 1 1 1 1 1 1 1 1 1 1 1 1 1 1 1 1 1 1 1 1 1 1 1 1 1 1 1 1 1 1 1 1 1 1 1 1 1 1 1 1 1 1 1 1 1 1 1 1 1 1 1 1 1 1 1 1 1 1 1 1 1 1 1 2 1 1 1 1 1 1 1 1 1 1 1 1 1 1 1 1 1 1 1 1 1 1 1 1 1 1 1 1 1 1 1 1 1 1 1 1 1 1 1 1 1 1 1 1 1 1 1 1 1 1 1 1 1 1 1 1 1 1 1 1 1 1 1 1 1 1 1 1 1 1 1 1 1 1 1 1 1 1 1 1 1 1 1 1 1 1 1 1 1 1 1 1 2 1 1 1 1 1 1 1 1 1 1 1 1 1 1 1 3 1 1 1 1 1 1 1 1 1 1 1 1 1 1 1 1 1 1 1 1 1 1 1 1 1 1 1 1 1 1 
Playlist #146: Radio.Fibber McGee and Molly
5 5 5 5 5 5 5 
Playlist #147: Filigrees--Angular-Jazzy
4 4 3 4 3 4 4 4 3 4 4 4 4 4 2 4 4 4 4 4 4 4 4 3 4 1 4 3 4 4 4 4 4 4 4 3 2 3 3 4 4 4 4 1 4 4 3 4 3 4 4 4 4 3 4 4 4 3 4 4 4 3 3 3 4 4 4 1 3 4 4 3 4 3 4 4 8 4 4 4 3 4 4 4 4 4 4 4 4 2 4 4 3 3 3 4 4 4 3 4 4 4 4 3 4 3 4 4 4 4 4 4 4 3 2 4 3 3 4 3 3 4 4 4 4 4 4 4 3 4 4 4 4 4 4 3 3 4 4 4 3 3 3 4 4 4 4 4 4 4 4 4 4 3 4 3 4 4 4 4 4 3 5 4 4 4 4 4 4 4 4 2 3 3 4 3 4 4 4 3 3 3 
Playlist #148: -Pop-Candy-Shimmy
6 7 4 11 5 5 5 5 5 5 5 6 4 5 5 4 5 5 5 6 5 4 4 5 11 5 4 6 5 5 6 4 5 5 6 5 12 5 5 6 4 7 5 7 5 7 4 6 5 6 5 5 5 6 5 5 6 5 5 5 3 4 5 7 5 4 4 4 6 4 4 4 5 5 6 5 4 4 4 5 5 5 4 1 5 6 4 4 3 
Playlist #149: Filigrees-Soft-Sparse
3 5 3 3 5 5 5 5 4 4 4 2 3 4 5 3 5 2 2 3 5 5 3 5 2 1 3 3 3 2 5 2 4 1 3 3 2 5 2 3 3 4 5 1 6 5 5 4 3 2 1 5 5 3 3 4 3 5 5 3 5 5 5 4 4 4 6 4 5 2 5 4 2 3 2 3 5 5 3 3 5 3 5 5 5 2 2 3 3 2 3 3 1 2 4 3 4 1 5 4 2 5 5 4 3 3 1 5 3 5 3 5 3 5 5 5 4 2 3 4 5 3 3 3 5 3 5 4 3 5 3 5 3 4 3 4 5 5 2 1 2 2 3 1 4 5 5 4 3 5 5 5 3 3 4 4 3 5 3 2 5 3 3 5 5 5 2 3 5 1 4 4 4 5 3 1 6 3 2 1 2 6 3 5 3 5 3 3 3 5 4 5 5 5 5 2 1 5 3 5 2 3 1 2 2 6 2 5 5 4 4 5 6 4 5 4 
Playlist #150: Filigrees.Filigrees
4 5 4 5 2 2 5 4 5 5 4 2 3 3 5 5 5 5 5 3 4 2 2 5 5 5 5 2 4 3 5 5 1 4 5 5 5 4 4 4 5 4 5 4 4 5 2 4 5 4 4 4 4 1 4 3 5 4 5 5 5 3 4 3 5 5 4 4 4 4 4 3 4 4 4 5 4 4 5 4 5 5 1 4 4 4 5 3 5 5 5 5 3 5 5 4 5 4 4 4 5 5 5 2 4 2 4 3 5 5 4 5 5 3 5 4 5 5 4 5 4 4 6 4 5 5 5 5 5 4 5 3 4 2 4 5 2 5 5 4 2 4 
Playlist #151: -Pop-Juke
6 7 5 5 5 5 5 6 5 6 5 6 5 5 6 5 5 5 6 5 6 6 6 5 5 5 6 5 5 6 5 6 5 5 6 5 7 6 5 6 5 5 6 5 5 4 5 6 5 5 5 5 6 5 5 6 6 5 5 6 5 5 5 6 5 5 6 5 6 5 2 5 6 6 6 6 7 6 6 6 5 5 5 7 6 4 5 6 5 5 5 5 5 6 6 5 5 5 5 5 5 5 6 6 5 5 5 5 5 5 5 5 5 6 5 5 6 5 5 5 5 5 5 7 5 5 
>>> pls.process()
Playlist #1: Playlist

Playlist #2: Friends Ambience.jason tremblay

Playlist #3: ZMore.Rock.Crunchy

Playlist #4: -Chill-Ebullient

Playlist #5: --Chill

Playlist #6: --Filigrees

Playlist #7: ZFor.Havlik group, May '10

Playlist #8: ZMore.Delicacies-Abiding

Playlist #9: ZFor.nancy havlik flashpoint

Playlist #10: ZMore.Deep.Massage

Playlist #11: -Pop.Reveries-Ebullient

Playlist #12: ZMore-Litanies

Playlist #13: Space-Latent

Playlist #14: ZMore.Crisp-Light Touch

Playlist #15: -Rock-Crisp-Bones

Playlist #16: --Hyper

Playlist #17: -Rock-Crisp-Bones-Insinuating

Playlist #18: Filigrees-Phase.Morning
5 4 6 6 5 6 6 5 6 5 5 6 5 6 6 6 5 4 5 6 6 6 6 6 5 5 4 4 4 5 4 5 6 6 5 6 5 6 5 6 6 4 6 6 6 6 6 6 6 6 5 6 5 6 6 3 5 5 5 6 7 6 6 6 6 6 6 5 5 6 6 6 6 5 4 6 6 5 6 5 6 6 5 5 6 
Playlist #19: Space-Hypnotic-Pulse
3 2 3 3 3 4 3 2 2 2 2 3 4 3 3 4 2 2 4 3 2 3 5 3 1 2 3 5 4 3 3 3 3 3 3 3 3 3 2 2 4 4 2 3 3 3 3 3 2 3 2 4 2 2 3 3 2 3 2 2 1 3 3 3 3 1 3 3 4 3 3 
Playlist #20: -Rock-Force-Unmitigated Force
1 4 4 4 2 3 4 2 4 4 2 3 4 4 4 4 4 4 4 4 4 4 3 3 1 4 4 2 4 4 4 4 3 4 4 4 4 3 4 1 4 3 3 4 3 4 3 
Playlist #21: ZMore.Reveries-Stories
1 1 1 1 1 1 1 1 1 1 1 1 1 1 1 1 1 1 1 1 1 1 1 1 1 1 1 1 1 1 1 1 1 1 1 1 1 1 1 1 1 1 1 1 1 1 1 1 1 1 1 1 1 1 1 1 1 1 1 1 1 1 1 1 1 1 1 1 1 1 1 1 1 1 1 1 1 1 1 1 1 1 1 1 1 1 1 1 1 1 1 1 1 1 1 1 1 1 1 1 1 1 1 1 1 1 1 1 1 1 1 1 1 1 1 1 1 1 1 1 1 1 1 1 1 1 1 1 1 1 1 1 1 1 1 1 1 1 1 1 1 
Playlist #22: ZFor.Loren Oct '05
1 1 1 1 1 1 1 1 1 1 1 1 1 1 1 1 1 1 1 1 1 1 1 1 1 1 1 1 1 1 1 1 1 1 1 1 1 1 1 1 
Playlist #23: -Chill-Skittering
9 6 8 7 4 8 3 4 5 10 8 6 4 9 4 4 2 5 4 4 10 4 12 4 9 4 9 4 9 5 11 4 6 4 5 3 8 8 4 4 8 8 2 4 4 9 5 7 8 17 4 5 4 2 2 8 3 10 8 4 3 4 14 3 2 7 13 4 8 4 5 6 8 4 7 9 2 3 2 9 8 7 5 4 4 7 4 5 5 5 6 10 9 4 9 5 6 4 17 4 4 7 3 7 2 9 4 3 2 4 7 10 6 8 4 9 12 4 4 9 3 13 3 4 4 8 11 9 3 10 
Playlist #24: Filigrees.Deep Acoustic
3 3 2 3 2 3 3 3 2 1 2 2 2 3 3 1 3 2 2 2 1 3 2 1 2 2 1 1 2 1 2 3 3 2 1 2 2 4 2 2 3 1 2 2 3 3 2 2 3 2 2 2 2 1 1 2 3 3 2 3 3 1 2 2 1 2 3 2 2 4 2 2 2 2 2 1 2 3 2 2 2 3 4 2 2 2 2 2 2 2 2 2 4 2 1 2 3 4 3 2 1 2 2 3 1 2 2 1 2 2 2 2 2 3 3 4 2 1 2 4 2 2 2 2 2 1 1 4 2 2 2 2 2 1 2 2 2 2 2 3 2 2 3 3 2 4 2 2 1 3 2 2 2 1 1 2 3 2 3 4 2 1 1 2 2 2 1 3 2 2 2 3 3 3 3 2 2 3 4 2 1 3 2 1 3 2 2 2 2 1 3 1 2 2 2 1 1 2 3 2 2 3 2 1 1 3 2 2 1 2 2 2 3 1 3 2 2 2 3 2 1 2 3 2 2 2 2 1 3 2 2 1 2 2 4 2 2 1 4 2 2 3 2 2 2 2 2 1 3 2 4 2 2 2 1 3 1 1 4 2 2 2 3 2 2 2 1 2 1 2 2 2 2 2 3 2 2 2 2 3 2 2 3 2 3 2 1 2 3 2 1 2 2 3 2 2 2 2 1 2 2 3 2 2 2 1 2 1 2 1 2 2 3 2 2 2 2 3 1 2 
Playlist #25: ZMore.Deep.Space
1 1 1 1 1 1 1 1 1 1 1 1 1 1 1 2 1 1 1 1 1 2 1 1 1 1 1 1 1 2 1 1 1 1 1 1 1 1 1 1 1 1 1 1 1 1 1 1 2 1 1 1 1 1 1 1 1 1 1 1 1 1 1 1 1 1 1 1 1 1 1 1 2 1 1 1 1 1 1 1 1 1 1 2 1 1 1 1 1 1 1 1 1 1 1 1 1 1 1 2 1 1 1 1 1 1 1 1 1 1 1 2 2 1 1 1 2 1 1 1 1 1 1 1 1 1 1 1 1 1 1 1 1 1 1 1 1 1 1 1 1 1 1 2 1 1 1 1 1 1 1 1 1 1 1 1 1 1 1 1 1 1 1 1 1 1 1 1 1 1 1 1 1 
Playlist #26: -Pop.Reveries.Chants
2 4 4 3 3 3 3 3 4 4 4 3 3 3 3 4 4 3 4 3 3 4 3 3 3 3 3 4 3 4 2 2 3 4 3 4 3 3 3 4 4 3 2 4 3 4 3 4 2 4 3 3 4 1 3 4 3 3 4 4 3 3 4 3 4 3 4 3 4 3 4 4 4 4 4 4 3 3 3 4 3 3 3 3 3 3 2 3 3 3 3 4 1 3 3 4 3 3 1 3 5 3 3 5 4 3 3 4 3 3 3 4 4 4 4 4 3 4 1 4 3 3 3 3 4 3 4 4 4 3 3 4 4 3 3 3 4 3 3 4 3 3 4 1 2 3 3 2 3 4 4 4 3 2 3 3 3 3 3 2 5 3 4 3 3 3 2 3 3 3 3 3 3 4 3 4 5 3 4 3 3 2 3 3 3 4 3 1 3 3 3 3 3 3 3 3 3 4 3 3 3 3 4 3 4 2 3 3 3 3 4 3 4 4 4 3 4 3 4 3 2 3 2 4 3 4 4 2 3 3 3 3 3 3 3 4 3 4 5 3 3 4 3 3 
Playlist #27: Filigrees-Soft-Diffuse Light
5 6 6 3 5 6 6 3 6 6 5 5 6 6 6 6 5 5 4 3 5 3 6 6 6 5 6 6 6 3 2 6 5 4 5 3 4 6 6 6 6 6 6 6 5 5 6 5 6 6 5 6 4 6 5 6 2 6 6 3 6 5 6 5 5 6 5 6 5 5 3 6 6 6 6 3 3 4 6 5 4 4 6 5 5 6 6 6 5 3 5 5 5 3 5 6 7 6 5 5 6 6 5 6 5 7 6 6 5 4 5 
Playlist #28: --Pop.All

Playlist #29: -Pop.Pop
1 1 1 1 1 1 1 1 1 1 1 1 1 1 1 1 1 1 1 1 1 1 1 1 1 1 1 1 1 1 1 1 1 1 1 1 1 1 1 1 1 1 1 1 1 1 1 1 1 1 1 1 1 1 1 1 1 1 1 1 2 1 1 1 1 1 1 1 1 1 1 1 1 1 1 1 1 1 1 2 1 1 1 2 1 1 1 1 1 1 1 1 1 1 1 1 1 1 1 1 1 1 1 1 1 1 1 1 1 1 1 2 1 1 2 1 1 1 1 1 1 1 1 1 1 2 1 1 1 1 1 1 1 1 1 1 1 1 1 1 1 1 1 1 1 1 1 1 1 1 1 2 1 1 2 1 1 1 1 1 1 1 1 1 1 2 1 2 1 1 1 1 2 1 1 1 2 1 1 1 1 1 1 1 1 1 1 1 1 1 1 1 1 1 1 1 1 1 1 1 1 1 1 1 1 1 1 1 1 1 1 1 1 1 1 1 1 2 1 1 1 1 1 1 1 1 1 2 1 1 1 1 1 1 1 1 1 1 2 1 1 1 1 1 1 1 1 1 1 1 1 1 1 1 1 1 1 2 1 1 1 1 1 1 1 1 1 
Playlist #30: ZMore.Deep.Dreams
1 1 1 1 1 1 1 1 1 1 2 1 1 1 1 1 1 1 1 1 1 1 1 1 1 1 1 1 2 1 1 1 1 1 1 1 1 1 1 1 1 1 1 2 1 1 1 1 1 1 1 1 1 1 1 1 1 1 1 1 1 1 1 1 2 1 1 2 1 1 1 1 1 1 1 1 1 1 1 1 1 1 1 1 1 2 1 1 1 1 1 1 1 1 1 1 1 1 1 1 1 1 1 1 1 1 1 
Playlist #31: -Pop.Reveries.Compulsions
6 6 5 5 5 6 5 5 6 5 5 5 6 6 6 5 3 6 6 6 5 5 6 5 7 6 5 6 5 5 3 6 5 7 5 6 6 3 5 6 5 6 6 5 6 5 6 6 5 5 5 5 5 6 5 6 6 6 5 4 5 3 6 5 2 5 2 5 2 3 6 5 5 5 6 3 6 5 6 5 2 6 6 5 5 5 6 5 1 6 6 6 2 5 5 5 5 5 6 4 6 5 7 5 6 6 5 5 6 5 5 5 6 4 6 3 6 6 5 4 5 5 5 6 5 6 3 5 6 3 5 6 5 5 5 5 4 5 6 6 6 6 5 5 5 4 6 6 6 5 5 8 5 5 2 
Playlist #32: Filigrees-Soft-Comforts
4 4 4 4 4 4 4 4 4 4 3 4 3 4 3 4 3 3 4 4 4 4 4 4 4 4 4 3 4 3 4 4 3 4 4 4 4 4 3 2 3 2 4 3 2 4 2 4 4 4 4 4 4 1 4 4 4 4 4 3 4 4 4 3 4 3 3 4 4 3 4 4 4 2 4 3 4 2 4 4 4 3 2 4 4 3 4 4 3 3 2 4 2 3 4 4 3 2 4 4 3 4 3 3 4 4 4 3 3 4 3 4 4 4 4 4 4 2 3 2 2 3 2 4 3 4 3 2 2 4 4 2 4 2 4 4 4 4 4 4 4 2 2 4 4 4 4 4 4 3 3 3 4 3 3 4 3 3 3 3 5 4 4 3 3 4 4 3 4 2 4 4 3 2 4 4 3 4 4 2 4 1 4 4 3 3 4 3 2 3 3 3 2 4 4 7 
Playlist #33: Hyper-Juke
4 3 3 1 3 4 4 4 3 3 4 1 3 1 1 3 3 3 3 1 3 1 3 4 1 3 3 3 1 3 3 3 3 1 1 3 4 3 3 4 3 3 3 3 3 4 1 3 4 1 4 4 4 1 3 3 4 3 3 4 4 1 4 3 1 3 3 3 3 4 3 1 3 3 1 3 3 3 1 3 1 3 3 3 3 3 3 4 2 1 3 4 1 
Playlist #34: Space-Hypnotic--Serene
3 3 3 3 3 3 2 2 2 2 3 3 2 3 3 3 3 3 1 3 3 3 2 3 3 3 2 3 3 3 3 3 3 3 3 2 3 3 3 3 2 3 2 2 3 3 2 2 3 3 3 3 3 2 2 3 3 3 3 2 3 2 3 3 3 3 2 
Playlist #35: ZMore.Deep.Pulse
1 1 1 1 1 1 1 1 1 1 1 1 1 1 1 1 1 1 1 1 1 1 1 1 1 1 1 1 1 1 1 1 1 1 1 1 1 1 1 1 1 1 1 1 1 1 1 1 1 1 1 1 1 1 1 1 1 1 1 2 1 1 1 1 1 1 1 1 1 1 1 1 1 2 1 1 1 1 1 1 1 1 1 1 1 1 1 1 1 1 1 1 
Playlist #36: -Pop.Reveries.Haunted
5 3 5 6 5 5 7 4 5 5 5 6 6 6 5 4 3 3 2 5 6 5 5 7 5 6 5 5 6 4 5 6 6 5 5 4 6 5 6 6 5 5 5 6 5 2 5 6 4 6 6 2 2 4 4 6 4 5 5 7 4 3 4 5 5 6 6 5 5 5 5 4 6 2 5 6 5 5 6 6 5 5 1 5 4 5 5 5 2 4 5 4 5 5 6 5 6 6 6 5 4 5 3 5 6 6 6 5 6 5 4 4 6 5 5 6 4 5 5 3 4 6 5 2 4 5 4 1 5 6 5 5 5 5 4 6 6 4 2 6 4 5 7 5 6 4 5 5 5 4 7 4 
Playlist #37: Hyper-Ballads
5 5 5 5 5 5 5 5 7 5 6 6 5 5 4 5 6 4 5 6 5 5 4 5 5 5 7 6 6 6 6 6 6 5 5 5 6 6 5 5 5 5 6 5 6 6 5 5 6 5 5 5 5 5 5 5 1 6 5 6 6 6 4 6 6 5 6 5 5 5 5 6 5 6 3 4 5 5 6 5 6 5 5 6 5 6 5 6 5 6 5 1 5 5 5 5 5 5 7 6 6 6 6 5 6 6 5 5 5 5 6 6 5 5 6 6 6 6 6 5 6 5 5 5 6 6 6 5 5 6 5 6 5 5 6 6 5 6 4 5 5 6 6 4 5 7 6 6 5 6 2 5 5 6 6 5 
Playlist #38: Space.Dance
4 3 3 4 4 3 3 5 3 3 5 11 3 2 3 2 3 3 4 6 4 4 3 2 3 2 2 3 4 2 3 2 1 4 3 3 4 4 3 3 3 3 4 3 5 5 4 3 3 3 3 3 4 4 2 4 5 2 3 2 2 4 5 3 5 1 4 4 3 3 4 3 
Playlist #39: ZFor Auditioning.Eric Shimolenis
1 1 1 1 1 1 1 1 1 1 1 1 1 1 1 1 1 1 1 1 1 1 2 1 1 1 1 1 1 1 1 1 1 1 1 1 1 1 1 1 
Playlist #40: ZFrom.lana
1 1 1 1 1 1 1 1 1 1 1 1 1 1 1 1 1 1 1 1 1 1 1 1 1 1 1 1 1 1 1 1 1 1 1 1 1 
Playlist #41: Filigrees-Sensate
3 4 2 9 2 2 9 4 2 4 4 2 9 2 4 4 2 4 4 3 1 2 1 3 4 4 2 9 2 1 4 2 3 4 3 4 7 4 2 3 2 2 3 4 4 4 2 7 3 3 3 3 3 2 4 4 1 2 3 2 3 3 4 3 3 3 4 3 2 4 2 2 4 4 2 3 1 4 4 4 1 3 3 4 2 3 2 4 3 9 2 3 5 4 4 4 3 3 4 3 4 4 3 3 1 4 2 1 4 3 3 4 3 3 4 2 2 3 
Playlist #42: -Pop-Candy-Catchy
6 5 4 5 5 4 4 3 3 6 1 6 5 6 4 4 1 6 4 5 3 3 3 3 5 1 4 5 4 5 5 5 6 3 3 3 1 4 4 3 5 5 4 5 1 5 3 5 5 4 5 5 6 1 5 5 5 5 4 5 3 4 11 5 4 6 3 5 5 4 6 3 5 6 4 4 5 6 6 4 6 5 6 6 6 5 6 4 4 3 3 5 3 4 5 6 5 4 6 2 4 3 4 4 4 6 5 5 6 5 5 4 5 6 1 5 4 4 5 5 4 4 5 5 4 5 6 6 2 4 4 4 6 6 6 3 5 5 3 5 6 1 3 4 2 4 6 6 5 6 4 1 5 5 5 5 4 2 5 5 5 3 3 5 6 5 6 4 3 6 1 3 4 6 3 5 6 4 6 3 4 3 6 3 5 5 7 6 5 1 
Playlist #43: -Rock.Anthem
5 5 4 6 5 4 5 6 5 5 6 6 6 3 6 4 6 6 6 3 5 5 4 6 5 4 6 6 5 5 5 6 6 5 5 5 4 6 10 5 6 5 5 6 5 6 6 5 5 6 5 5 5 4 6 6 6 6 5 5 6 5 5 4 5 5 6 6 6 5 5 5 2 5 1 1 6 4 6 5 4 6 4 1 6 5 6 5 5 5 5 5 5 5 5 4 5 5 6 5 5 5 5 5 5 5 5 5 5 5 6 5 5 6 5 6 5 5 6 4 5 5 
Playlist #44: Weeeird
9 10 10 9 10 9 10 8 10 10 10 10 10 9 11 10 9 8 10 9 10 10 9 9 10 
Playlist #45: ZFrom.Robbie, Oct '05 (ecj)
1 1 1 1 1 1 1 1 1 1 1 1 
Playlist #46: Filigrees-Jazz+

Playlist #47: ZFor.Gretchen, jan '09
1 1 1 1 1 1 1 1 1 1 1 1 1 1 1 1 1 1 1 
Playlist #48: Filigrees--Bones
2 4 4 3 4 3 3 3 4 4 2 3 4 4 3 4 3 4 3 4 3 3 3 2 3 4 2 4 2 3 4 3 4 2 2 3 3 4 1 4 3 4 3 3 3 4 4 3 3 3 3 2 4 4 2 2 3 3 2 3 4 3 3 3 3 3 3 3 6 4 3 4 2 3 3 3 2 3 4 4 2 4 2 3 4 4 3 4 4 2 3 4 4 4 4 2 3 4 3 4 2 3 4 4 3 3 3 4 2 3 3 2 3 3 3 4 4 4 3 4 4 3 4 3 2 3 2 3 4 4 3 3 4 4 3 4 2 2 4 4 4 4 3 4 3 4 2 3 1 4 4 3 4 2 5 4 3 3 2 4 4 3 1 3 4 3 3 3 3 3 4 3 3 2 3 4 3 4 3 
Playlist #49: ZMore.Crisp.Uncluttered Jazz
1 1 1 1 1 1 1 1 1 1 1 1 1 1 1 1 1 1 1 1 1 1 1 1 1 1 1 1 1 1 1 1 1 1 1 1 1 1 1 1 1 1 1 1 1 1 1 1 1 1 1 1 1 1 1 1 1 1 1 1 1 1 1 1 1 1 1 1 1 1 1 1 1 1 1 1 1 1 1 1 1 1 1 1 1 1 1 1 1 1 1 1 1 1 1 1 1 1 1 1 1 1 1 1 1 1 1 1 1 1 1 1 1 1 1 1 1 1 1 1 1 1 1 1 1 1 1 1 1 1 1 1 1 1 1 1 1 1 1 1 1 1 1 1 1 1 1 1 1 1 1 1 1 1 1 1 1 1 1 2 1 1 1 1 1 1 1 1 1 1 1 1 1 1 1 1 1 1 1 1 1 1 1 1 1 1 1 1 1 1 1 1 1 1 1 1 1 1 1 1 1 1 1 1 1 1 1 1 1 1 1 1 1 1 1 1 1 1 1 1 1 1 1 1 1 1 1 1 1 1 1 1 1 1 1 1 1 1 1 1 1 1 1 1 1 1 1 1 1 1 1 1 1 1 1 1 1 1 1 1 1 1 1 2 1 1 1 1 1 1 1 1 1 1 1 1 1 1 1 1 1 1 1 1 1 1 1 1 1 1 1 1 1 1 1 1 1 1 1 1 1 1 1 1 1 1 1 1 1 1 1 1 1 1 1 1 1 1 1 1 1 1 1 1 1 1 1 
Playlist #50: ZFor.Cynthia, Nov '05
1 1 1 1 1 1 1 1 1 1 1 1 1 1 1 1 1 1 1 1 1 1 1 1 1 1 1 1 1 1 1 1 1 1 1 1 1 1 1 1 1 1 1 1 3 1 1 1 1 1 1 1 1 1 1 1 1 1 1 1 1 1 1 1 1 1 1 1 1 1 1 1 1 1 1 1 1 3 1 2 1 1 1 3 1 1 1 1 1 1 1 1 3 1 1 1 1 1 1 1 1 1 1 1 1 1 1 1 1 1 1 
Playlist #51: -- add

Playlist #52: Filigrees-Tight
4 4 4 3 4 4 4 3 3 3 4 4 2 3 2 3 4 4 4 2 4 4 1 4 2 1 3 4 3 3 2 4 3 2 4 1 3 4 4 5 3 4 3 1 1 2 4 3 3 4 4 4 4 3 3 3 3 2 4 4 2 1 4 1 3 1 3 1 3 4 3 4 4 3 3 5 3 1 4 1 4 3 3 4 3 4 
Playlist #53: Jordan's Music

Playlist #54: -Pop.Catchy
2 4 5 3 2 2 2 3 2 2 2 4 3 3 2 3 3 2 3 4 3 2 3 2 2 3 2 2 2 3 2 3 3 3 3 3 2 2 4 2 2 3 2 2 3 2 2 2 2 2 2 3 4 2 3 2 3 3 2 3 2 3 3 2 3 3 3 2 3 4 3 3 2 3 3 2 2 3 2 2 3 2 3 3 2 4 2 2 4 3 4 2 3 3 2 2 3 3 2 3 3 4 3 2 3 2 4 2 3 3 2 5 5 2 2 2 4 3 3 3 2 3 2 3 3 4 2 3 3 2 3 2 2 3 3 2 3 2 3 3 3 3 3 2 3 2 3 2 2 2 3 3 3 3 3 3 3 6 2 2 3 4 4 3 2 2 2 4 2 3 3 2 2 2 6 3 3 3 3 2 2 2 3 3 2 2 2 4 3 2 3 2 2 2 2 2 2 1 3 3 3 3 3 3 3 3 2 2 2 2 2 3 3 2 2 3 2 2 3 3 2 2 3 2 3 2 3 3 2 2 3 2 7 3 3 3 3 3 4 3 3 3 3 1 4 4 3 3 3 2 3 2 4 3 3 4 2 3 2 5 2 4 2 3 
Playlist #55: Filigrees-Stately
8 9 8 8 8 8 9 8 5 8 7 7 7 3 3 9 11 7 3 8 8 8 5 3 8 9 8 2 9 8 7 8 8 3 4 9 8 8 8 8 10 8 7 2 7 9 3 4 8 9 8 2 8 2 8 8 8 11 7 8 8 8 7 8 8 
Playlist #56: ZMore.Deep.Insinuating
1 1 1 1 1 1 1 1 1 1 1 1 1 1 1 1 1 1 1 1 1 1 1 1 1 1 1 1 1 1 1 1 1 1 1 1 1 1 1 1 1 1 1 1 1 1 1 1 1 1 1 1 1 1 1 1 1 1 1 1 1 1 1 1 1 1 1 1 1 1 1 2 1 1 1 1 1 1 1 1 1 1 1 1 1 1 1 1 1 1 1 1 1 1 1 1 1 1 1 1 1 1 1 1 1 1 1 1 1 1 1 1 1 1 1 1 1 1 1 1 1 1 1 1 1 1 1 1 1 1 1 1 1 1 1 1 1 1 1 1 1 1 1 1 1 1 1 1 1 1 1 1 2 1 1 1 1 1 1 1 1 1 1 1 1 1 1 1 1 1 1 1 1 1 1 1 1 1 1 1 1 1 1 1 1 1 1 1 1 1 1 1 1 1 1 1 1 1 1 1 1 1 1 1 1 1 1 1 1 1 1 1 1 1 1 1 1 1 1 
Playlist #57: -Rock-Force-Cataclysmic
4 1 4 4 2 3 3 2 4 4 2 4 3 4 4 1 3 4 4 4 4 4 7 1 3 3 2 4 4 4 4 4 4 4 3 4 4 4 4 4 4 4 3 4 4 4 3 4 4 1 4 2 4 2 4 3 3 4 1 1 4 3 4 3 4 3 3 4 4 
Playlist #58: -Pop.Reveries-Solemn
6 3 6 5 8 6 5 5 5 3 3 3 6 6 6 6 1 5 3 6 6 6 6 8 3 6 6 4 6 7 6 6 6 3 6 6 6 6 6 3 6 1 5 6 7 7 7 2 6 5 6 5 3 5 4 7 10 1 6 6 6 6 6 3 3 5 6 6 6 5 6 5 3 5 5 5 6 3 6 6 6 6 7 6 4 6 6 3 8 6 6 4 6 6 3 3 7 8 6 5 7 5 5 6 9 3 6 4 3 5 6 5 5 3 7 6 2 7 3 6 6 8 6 5 3 5 6 2 5 8 6 6 6 4 6 4 8 5 3 6 6 6 7 6 4 3 6 2 6 8 6 7 7 3 6 8 5 
Playlist #59: and covers
10 10 9 11 14 11 11 11 11 11 11 11 10 9 11 9 9 11 9 11 10 11 10 9 9 10 11 9 10 11 10 10 11 10 17 11 10 10 11 10 9 11 11 9 10 10 11 11 9 10 10 10 9 10 10 10 10 11 10 10 10 10 9 11 9 8 10 10 11 10 9 10 11 
Playlist #60: Hyper-Hyper Vivid
6 5 6 5 5 5 5 5 6 4 6 5 5 4 5 6 6 6 5 5 5 6 6 5 6 5 3 4 5 5 2 6 6 5 2 6 5 5 4 4 6 5 6 5 6 5 5 5 5 4 5 4 5 5 6 5 5 5 7 4 5 4 5 4 5 5 6 7 6 6 6 6 5 4 6 5 4 6 2 4 4 5 5 5 4 4 5 5 5 6 5 5 4 
Playlist #61: ZFor.Susannah, Pending
1 1 1 1 1 1 1 1 1 1 1 1 1 1 1 
Playlist #62: -Pop.Reveries-Graces
5 5 6 5 5 6 6 5 5 6 5 5 6 6 3 5 5 6 5 6 6 5 5 5 6 3 6 6 6 6 5 6 6 6 6 5 5 5 5 5 6 5 5 5 5 6 5 5 7 5 5 6 5 6 5 6 6 9 5 6 5 5 7 6 5 5 6 5 6 4 5 6 3 5 5 5 5 5 6 6 5 6 6 5 5 5 6 6 5 7 5 6 6 5 5 5 5 6 5 6 6 5 6 6 5 6 6 3 6 6 6 6 5 6 5 6 6 6 6 5 5 5 5 6 6 4 5 5 1 6 5 7 6 6 5 5 6 6 6 6 6 6 7 5 7 3 5 5 5 6 6 5 6 
Playlist #63: ZMore.Reveries-Glamour
1 1 1 1 1 1 1 1 1 1 1 1 1 1 1 1 1 1 1 1 1 1 1 1 1 1 1 1 1 1 1 1 1 1 1 1 1 1 1 1 1 1 1 1 1 1 1 1 1 1 1 1 1 1 1 1 1 1 1 1 1 1 1 1 1 1 1 1 2 1 1 1 1 1 1 1 1 1 1 1 1 1 1 1 1 1 1 1 1 1 1 1 1 1 1 1 1 1 1 1 1 1 1 1 1 1 1 1 1 1 1 1 1 1 1 1 1 1 1 1 1 1 1 1 1 1 1 1 1 1 1 1 1 1 1 1 1 2 1 1 1 1 1 1 1 1 1 1 1 1 1 1 1 1 1 1 1 1 1 1 1 1 1 1 1 1 1 1 1 1 1 1 1 1 1 1 1 1 1 1 1 1 1 1 1 1 1 1 1 1 1 1 1 1 1 
Playlist #64: Filigrees-Soft-Effervescent
4 5 4 4 6 5 3 4 4 6 4 1 6 5 6 3 4 6 3 5 6 5 6 5 6 3 6 1 6 6 6 5 5 2 6 1 6 5 6 5 5 2 3 4 4 6 6 5 1 6 6 9 6 5 5 6 6 2 6 1 3 6 5 5 1 1 5 4 5 5 5 1 4 4 1 2 5 5 5 4 6 5 6 6 5 5 6 5 3 5 3 5 4 6 6 4 6 5 6 6 1 6 1 5 7 6 5 3 6 5 6 1 5 5 4 6 6 3 5 3 
Playlist #65: -Chill.Sinuous
6 5 5 5 5 6 6 3 4 5 5 6 4 5 5 5 4 5 5 5 6 6 5 2 5 5 2 5 5 5 5 6 4 6 7 5 6 5 5 5 4 5 4 1 6 5 5 6 1 4 3 6 6 5 5 5 
Playlist #66: -Rock.Coarse
6 6 5 6 6 5 5 5 5 6 6 5 6 4 5 5 5 6 6 6 6 6 6 5 6 5 6 5 6 6 5 6 5 6 6 5 5 5 5 6 6 5 5 5 5 4 4 5 6 6 5 6 5 7 5 5 7 5 6 6 5 4 6 5 5 5 6 6 5 6 6 5 6 5 6 6 5 5 5 5 6 5 5 6 6 5 5 5 6 6 5 6 5 5 6 5 6 
Playlist #67: ZMore.Reveries-(Oddly) Uplifting
1 1 1 1 1 1 1 1 1 1 1 1 1 1 1 1 1 1 1 1 1 1 1 1 2 1 1 1 1 1 1 1 1 1 1 1 1 1 1 1 1 1 1 1 1 1 1 1 1 1 1 1 1 1 1 1 1 1 1 
Playlist #68: -Pop.Reveries.Infusive
5 4 3 3 4 3 3 4 4 2 4 4 3 3 3 3 3 3 4 3 4 3 3 4 4 4 4 4 4 3 3 4 4 3 3 4 3 4 3 4 2 4 4 4 4 4 2 4 4 3 3 4 4 4 3 4 3 4 3 3 3 3 3 4 3 3 3 4 3 4 3 3 3 4 2 3 4 4 4 4 4 3 3 4 3 3 3 3 3 4 4 3 4 3 3 2 3 4 4 3 3 4 4 4 4 4 3 3 4 3 3 4 3 3 3 4 4 4 4 3 4 3 3 4 3 4 4 3 4 4 3 2 3 3 3 4 4 4 3 4 3 3 2 4 6 3 4 4 4 3 4 4 3 2 3 4 4 4 4 3 4 3 3 3 3 4 2 4 3 3 3 3 4 4 4 3 4 4 4 4 3 4 4 3 3 4 3 3 2 4 3 4 2 4 3 3 3 4 3 3 3 4 3 3 3 3 2 4 3 4 3 4 3 4 3 4 4 3 3 3 3 4 4 4 5 
Playlist #69: ZMore.Beat.Beat Epics
1 1 1 1 1 1 1 1 1 
Playlist #70: Spoken Text
3 
Playlist #71: Space.Fierce
4 3 3 4 3 3 1 4 3 4 3 1 3 4 3 3 1 4 3 4 3 4 4 2 3 4 4 3 3 3 2 2 1 4 4 3 3 4 4 3 4 4 4 4 4 3 3 4 3 3 4 3 4 4 2 3 4 4 3 4 3 4 3 1 4 3 3 4 3 2 3 3 4 3 4 3 4 3 4 4 3 3 4 3 3 4 3 4 3 4 3 1 3 4 3 4 4 4 3 4 3 4 3 1 3 4 3 3 4 4 4 2 4 3 3 3 4 3 4 4 3 3 3 1 3 4 4 4 3 2 4 4 1 3 3 4 3 4 2 
Playlist #72: Hyper-Grace
3 3 4 4 3 4 4 3 4 4 3 3 3 3 3 3 3 4 1 3 1 3 3 4 3 3 4 5 3 4 3 4 4 2 4 4 4 3 4 3 4 4 4 4 4 3 3 4 3 2 3 4 3 3 3 3 4 
Playlist #73: Space.Trippy
2 3 3 3 2 2 4 3 3 3 2 3 4 4 4 2 2 4 6 2 4 6 4 4 3 3 3 4 3 3 4 3 2 2 4 4 2 3 3 3 4 5 3 3 3 3 4 4 3 4 3 3 3 2 2 3 
Playlist #74: ZFor.Izza, nov '10
1 
Playlist #75: Laughing Mix

Playlist #76: Filigrees.Bare Beat
5 6 2 6 2 1 2 5 2 3 5 2 6 6 5 5 6 6 6 6 3 2 5 6 6 2 2 1 5 3 5 6 4 3 5 5 6 2 2 6 3 6 5 1 3 6 3 5 6 3 2 5 5 6 2 6 5 4 5 5 6 
Playlist #77: ZFor.John Glenn, Sep 2010
1 1 1 1 1 1 
Playlist #78: -Rock.Menace
6 6 5 1 6 6 5 5 6 5 1 6 4 5 5 6 2 6 3 5 5 6 6 
Playlist #79: ZFor.leslie, jan '08
1 1 1 1 1 1 1 1 1 1 1 1 1 1 1 1 1 1 1 1 1 1 1 1 1 1 1 1 1 1 1 1 1 1 1 1 1 1 1 1 1 1 1 1 1 1 1 1 1 1 1 1 1 1 1 1 1 1 1 1 1 1 1 1 1 1 1 1 1 1 1 1 1 1 1 1 1 1 1 1 1 1 1 1 1 1 1 1 1 1 1 1 1 1 1 1 1 1 1 1 1 1 1 1 1 1 1 1 1 1 1 1 1 1 2 1 1 1 1 1 1 1 1 1 1 1 1 1 1 1 1 1 1 1 1 1 1 1 1 1 1 1 1 1 1 1 1 1 1 1 1 1 1 1 1 1 
Playlist #80: ZFor.Susannah, April 2010
1 1 1 1 1 1 1 1 1 1 1 1 1 1 1 1 1 1 
Playlist #81: -Pop-Candy-Quirky
6 6 5 5 5 5 5 6 5 4 6 2 5 5 5 5 4 5 6 4 6 5 5 4 6 6 5 6 5 5 6 5 6 6 3 6 5 5 5 5 5 5 5 6 5 5 1 5 4 5 5 3 6 5 5 7 6 4 5 6 5 5 5 6 5 3 5 8 5 5 6 6 5 4 5 
Playlist #82: Frogs
8 8 10 9 10 8 10 10 10 10 10 10 10 7 9 8 10 10 10 7 7 10 10 7 10 10 5 7 10 
Playlist #83: -Pop-Sparse-insistent

Playlist #84: -Pop-Cheerful
4 4 6 5 6 6 4 5 6 4 6 5 4 6 5 4 5 5 4 4 4 6 6 7 6 4 3 5 4 5 5 6 5 6 5 5 5 4 4 4 4 6 6 5 5 6 4 6 6 6 5 4 5 5 4 4 5 5 4 9 4 4 5 6 4 5 5 6 5 5 4 5 5 4 4 5 4 5 5 6 6 6 4 5 6 6 5 6 6 5 6 6 2 5 4 6 5 5 5 5 5 5 5 6 4 6 5 4 4 4 5 5 5 6 6 5 4 6 5 5 5 5 5 4 5 4 5 5 6 5 7 5 5 7 5 4 4 5 6 4 2 
Playlist #85: -Pop-Vitalities
8 7 7 6 6 7 7 7 7 7 7 2 7 7 7 7 7 1 7 7 8 7 8 7 7 8 7 7 8 7 6 2 8 7 7 7 7 8 3 7 7 7 3 10 3 7 9 7 7 6 8 7 7 7 7 3 1 7 3 7 7 7 7 7 7 7 7 7 7 5 3 7 2 7 8 7 6 7 7 7 8 7 7 7 7 7 7 4 7 7 7 7 7 7 7 8 7 7 1 7 7 7 7 7 7 7 7 7 2 7 7 7 7 8 7 7 2 7 7 7 7 7 7 7 7 7 1 7 7 7 7 7 8 
Playlist #86: -Chill.Coarse
5 6 5 5 6 5 5 5 5 5 6 5 4 6 5 6 5 6 6 5 5 5 6 5 5 6 6 4 5 6 6 6 6 6 6 5 6 5 6 5 6 5 12 5 5 5 6 6 5 5 6 5 5 6 7 6 6 4 5 7 5 5 7 6 5 5 6 5 6 5 6 5 5 5 5 5 5 5 
Playlist #87: ZMore.Reveries-Hypnotic
1 1 1 1 1 1 1 1 1 1 1 1 1 1 1 1 1 1 1 1 1 1 1 1 1 1 1 1 1 1 1 1 1 1 1 1 1 1 1 1 1 1 1 1 1 1 1 1 1 1 1 1 1 1 1 1 1 1 1 1 1 1 1 1 1 1 1 1 1 1 1 1 1 1 1 1 1 1 1 1 1 1 1 1 1 1 1 1 1 1 1 1 1 1 1 1 1 1 1 1 1 1 1 1 1 1 1 1 1 1 1 1 1 1 1 1 1 1 1 1 1 1 1 1 1 1 1 1 1 1 1 1 1 1 1 1 1 1 1 1 1 1 1 1 1 1 1 1 1 1 2 1 1 1 1 1 1 1 1 1 1 1 1 1 1 1 1 1 1 1 1 1 1 1 1 1 1 1 1 1 1 1 1 1 1 1 1 2 1 1 1 1 1 1 1 1 1 1 1 1 1 1 1 1 1 1 1 1 1 1 1 1 1 1 1 1 
Playlist #88: -Chill-Silk
5 4 9 5 6 4 4 4 4 6 8 4 5 5 5 5 6 11 4 4 4 5 5 5 5 11 6 4 5 5 2 6 4 4 3 5 5 5 6 7 6 11 6 6 4 6 
Playlist #89: Friends Ambience.daniel barbiero
5 1 1 1 1 2 2 5 5 1 
Playlist #90: ZFor.Caylin, 23Dec07
1 1 1 1 1 1 1 1 1 1 1 1 1 1 1 1 1 1 1 1 1 1 1 1 1 1 1 1 1 1 1 1 1 1 1 1 1 1 1 1 1 2 1 1 1 1 
Playlist #91: -Rock-Crisp.Sizzling
2 4 3 3 2 2 4 3 1 3 3 3 1 3 3 3 4 3 3 2 3 3 3 3 2 3 3 3 3 3 3 3 3 2 3 3 3 3 3 2 3 2 3 3 3 3 3 2 2 3 3 3 3 2 3 3 3 2 3 2 3 2 3 3 3 3 3 2 3 2 3 3 3 3 3 2 2 2 2 3 3 3 3 4 2 3 3 3 3 2 3 2 3 3 3 3 3 3 2 3 4 2 3 3 3 3 3 3 3 2 3 3 3 2 2 2 3 4 3 2 3 3 3 3 3 3 3 3 3 3 2 2 2 3 3 3 3 3 3 3 2 3 3 3 3 3 2 3 2 3 3 2 3 3 2 4 3 3 3 3 3 3 3 3 2 3 3 3 3 4 1 3 3 2 3 3 3 7 3 3 3 3 2 1 5 3 3 2 1 3 3 3 3 3 3 3 3 3 3 4 2 2 2 3 3 4 3 3 2 3 3 2 3 3 3 3 3 2 2 3 3 3 2 3 3 3 3 3 3 2 3 2 3 2 2 2 3 3 3 3 3 3 3 3 3 3 2 2 3 3 3 3 3 4 3 3 2 3 3 3 3 2 2 3 4 3 2 3 3 3 
Playlist #92: Space-Timeless-Light
5 5 6 5 5 5 6 6 6 5 5 4 6 5 7 6 6 5 6 2 6 6 6 7 5 5 6 6 6 6 4 13 4 6 5 6 4 5 6 6 6 5 6 5 5 6 6 5 6 5 6 4 11 5 
Playlist #93: -Pop-Candy-Jump

Playlist #94: Filigrees-Formal
5 6 7 6 6 5 6 6 6 5 6 6 6 6 6 6 5 3 6 6 6 3 6 6 7 6 6 5 6 6 6 6 5 6 6 6 6 6 6 5 5 6 5 6 6 6 6 5 5 6 6 6 6 5 5 6 5 6 6 6 6 6 6 5 6 6 5 6 6 6 5 6 6 6 6 3 6 6 6 6 6 6 5 6 
Playlist #95: Filigrees.Guitars and ish
4 4 2 4 2 4 2 4 2 4 3 4 2 2 4 2 4 2 4 4 3 4 4 3 4 4 3 3 4 4 4 2 4 4 4 4 4 2 3 4 4 3 3 4 4 3 4 4 3 4 4 4 4 4 4 3 4 4 4 4 4 4 3 4 2 4 4 4 4 4 3 4 4 5 4 3 4 2 4 4 3 4 2 4 2 4 3 4 2 4 4 4 4 4 4 4 4 4 4 3 4 4 3 4 1 4 2 4 3 4 2 4 4 4 4 4 4 4 4 4 4 4 4 4 4 2 4 3 3 2 4 4 2 4 4 4 3 4 4 4 4 4 4 4 4 4 1 2 3 4 4 3 3 2 4 4 3 4 3 4 3 4 4 3 4 4 4 3 4 4 3 4 4 4 4 2 4 4 4 2 5 2 1 3 4 4 2 4 4 3 4 3 4 4 4 4 4 2 4 4 4 4 4 4 4 4 4 2 4 4 1 4 4 3 4 4 4 3 4 2 3 4 
Playlist #96: Space.Epic
4 5 5 4 3 5 5 4 4 3 5 5 4 5 3 4 4 4 5 4 5 5 4 3 3 4 5 5 5 4 5 
Playlist #97: ZFor.Choreographers
1 1 1 1 1 1 1 1 1 1 1 1 1 1 1 1 1 1 1 1 1 1 1 2 1 1 1 1 1 2 1 1 1 1 1 1 1 1 1 1 1 1 1 1 
Playlist #98: ZFrom.Izza, Sep '11
1 
Playlist #99: Filigrees-Solemn Force
4 3 3 4 3 4 1 4 3 1 4 1 4 4 4 4 4 4 3 4 4 7 3 4 4 4 4 1 4 4 1 2 3 4 4 3 1 1 3 3 4 4 4 4 1 4 4 3 3 1 4 4 3 
Playlist #100: -Chill.Quirky Beat
6 4 8 5 5 6 8 4 5 6 6 4 5 5 6 6 6 6 6 3 4 5 4 5 6 4 5 5 6 3 5 4 5 6 6 5 11 6 5 5 6 5 4 3 6 6 4 6 4 5 3 5 6 5 4 5 5 5 6 6 5 5 7 6 3 6 5 4 5 6 5 5 4 5 6 5 5 5 6 5 5 5 6 5 6 6 5 6 5 6 6 5 5 5 6 5 6 
Playlist #101: Space-Skittering
3 4 4 3 3 4 3 4 4 4 4 3 3 3 4 3 3 4 2 4 4 3 4 3 4 4 4 4 4 4 5 4 4 3 4 2 3 4 4 5 8 1 3 3 4 3 4 4 3 3 4 1 3 3 3 4 3 3 3 4 4 2 4 4 3 4 3 3 1 3 3 3 5 
Playlist #102: -Pop.Crisp
4 5 4 5 5 5 5 3 4 6 4 5 2 3 6 5 4 4 4 5 6 6 5 6 3 5 4 6 3 3 5 5 5 5 4 4 4 6 5 4 4 3 3 5 6 6 5 6 6 5 3 4 4 4 6 3 5 5 6 3 3 5 3 5 5 3 5 6 4 4 6 4 3 3 4 4 4 5 5 5 3 5 5 5 6 5 5 5 6 4 3 5 4 5 4 3 4 3 5 5 5 5 4 5 4 4 5 1 3 3 5 5 3 6 5 5 4 3 4 4 5 5 4 5 5 6 5 2 4 5 3 5 6 5 4 5 3 3 5 3 5 3 5 4 5 5 4 3 6 3 5 6 3 5 5 3 4 3 5 3 5 5 3 6 3 6 5 1 5 5 6 5 4 5 4 4 3 5 4 5 3 7 5 6 
Playlist #103: -Pop.Reveries-- Wistful
3 3 3 3 4 4 3 3 2 3 3 4 4 3 3 3 2 3 4 3 4 4 3 3 3 3 4 4 3 3 4 4 3 3 3 3 3 3 4 1 4 4 4 5 4 3 4 3 4 4 3 4 3 3 3 2 4 3 3 3 3 3 3 4 4 4 4 4 3 4 3 1 4 4 1 4 3 3 2 4 3 4 3 3 4 3 4 4 3 3 3 3 1 4 3 3 4 4 3 4 3 3 4 3 3 1 2 3 3 4 4 4 4 3 3 4 4 1 4 4 3 4 4 3 3 4 4 
Playlist #104: ZFor.Kath - Fun Oct '05
1 1 1 1 1 1 1 1 1 1 1 1 1 1 1 1 1 1 1 1 
Playlist #105: ZMore.Delicacies.Epics
1 1 1 1 1 1 1 1 1 1 1 1 1 1 1 1 1 1 1 1 1 1 1 1 1 1 1 1 1 1 1 1 1 1 1 1 1 1 1 1 1 
Playlist #106: -- Exquisite
3 1 3 3 4 1 4 4 3 4 3 4 3 4 10 5 5 4 3 3 1 5 10 3 5 4 6 3 1 4 6 5 5 4 2 4 5 10 5 3 4 4 5 3 3 1 5 3 3 5 5 4 2 2 4 3 4 5 5 3 5 4 4 5 3 5 7 3 5 4 4 6 1 4 5 3 4 4 4 5 2 1 5 4 2 3 3 4 5 4 7 3 4 5 5 5 4 5 5 5 3 4 4 4 4 3 4 2 4 3 5 3 4 1 4 4 4 5 3 3 3 1 5 4 5 4 4 5 3 4 5 4 1 5 4 5 4 5 9 3 5 4 4 5 1 5 5 4 3 4 3 4 2 3 4 5 3 4 4 1 1 6 4 5 3 4 4 6 5 11 4 4 1 3 5 6 5 5 3 6 5 4 5 5 4 
Playlist #107: ZFor.Caylin, 08Dec2009
1 1 1 1 1 1 1 1 1 1 1 1 1 1 1 1 1 1 1 1 1 1 1 1 1 1 1 1 1 1 1 1 1 1 1 1 
Playlist #108: ZMore.Crisp-Crisp 'n Clear
1 1 1 1 1 1 1 1 1 1 1 1 1 1 1 1 1 1 2 1 1 1 1 1 1 1 1 1 1 1 1 1 1 1 1 1 1 1 1 1 1 1 1 1 1 1 1 1 3 1 1 1 1 1 1 2 1 1 1 1 1 1 1 1 1 1 1 1 1 1 1 1 1 1 2 1 1 1 1 1 1 1 1 1 1 1 1 1 1 1 1 1 1 1 1 1 1 1 1 1 1 1 1 1 1 1 1 1 1 1 1 1 1 1 1 1 1 1 1 1 1 1 1 1 1 1 1 1 1 1 1 1 1 1 1 1 1 1 1 1 1 1 1 1 1 1 1 1 1 1 1 1 1 1 1 1 1 1 1 1 1 1 1 1 1 1 1 1 1 1 1 1 1 1 1 1 1 1 1 1 1 1 1 1 1 1 1 1 1 1 1 1 1 1 1 1 1 1 1 1 1 1 1 1 1 1 1 1 1 1 1 1 1 1 1 1 1 1 1 1 1 1 1 1 1 1 1 1 1 1 1 1 1 1 1 1 1 1 1 1 1 1 1 1 1 1 1 1 1 1 1 2 1 1 1 1 1 1 1 1 1 1 1 1 1 1 1 1 1 1 1 1 1 1 1 1 1 1 1 1 1 1 1 1 1 1 1 1 1 1 2 1 1 1 1 1 1 1 1 1 1 1 1 1 1 1 1 1 1 1 1 1 1 1 1 1 1 1 1 1 1 1 1 1 1 1 1 1 1 1 1 1 1 1 1 1 1 1 1 1 1 1 1 1 1 1 1 1 1 1 1 1 1 1 1 1 1 1 1 1 1 1 1 1 1 1 1 1 1 1 
Playlist #109: -Rock-Convictions.Resounding
7 5 6 5 4 7 6 5 5 5 7 4 5 2 6 6 3 4 4 7 5 5 5 5 5 5 4 5 5 5 2 5 7 5 4 4 5 5 3 7 2 7 4 5 6 5 3 6 8 7 3 4 5 4 5 7 7 6 6 5 4 5 4 5 5 5 4 6 5 4 5 5 2 5 3 5 5 5 5 
Playlist #110: -Pop-Candy-Party
5 3 4 4 1 3 4 4 4 4 4 4 4 4 3 4 3 3 4 3 4 3 4 4 3 4 3 3 4 3 4 3 4 4 3 3 5 4 3 4 4 4 4 4 4 4 4 4 3 4 4 4 4 4 4 4 4 4 4 3 4 4 5 3 3 3 4 4 4 4 1 4 3 4 5 3 3 4 3 3 3 4 3 3 3 3 3 4 4 3 3 4 4 4 4 3 4 4 4 4 4 3 4 3 5 4 3 4 3 4 4 4 3 4 3 3 4 3 3 4 4 4 5 4 3 4 4 4 3 5 4 4 3 5 4 4 4 4 4 4 3 4 4 4 6 4 4 3 4 5 3 4 4 4 4 3 4 4 4 3 3 4 4 5 4 3 4 4 3 4 3 3 3 3 3 4 3 3 4 4 4 4 3 4 4 4 4 4 4 3 3 4 4 4 3 3 4 3 3 4 3 2 4 3 4 4 4 4 4 4 6 4 4 
Playlist #111: -Chill.Sizzle
4 5 5 5 5 6 5 5 1 5 5 5 5 6 5 6 5 6 5 6 8 5 6 5 5 3 3 5 6 6 5 5 7 5 5 7 6 6 6 6 6 5 6 5 5 6 6 5 5 7 7 3 7 6 5 5 1 5 5 6 5 6 5 
Playlist #112: -Pop.Sizzle
6 7 5 5 5 5 5 4 6 6 4 1 5 5 6 5 5 5 6 6 4 5 5 6 5 5 5 4 5 5 5 6 5 5 5 7 5 6 5 6 6 6 5 5 5 6 5 5 12 5 6 5 2 2 7 5 5 5 7 7 5 5 7 4 5 6 5 4 5 4 7 5 2 4 5 6 5 6 5 1 5 5 3 5 5 5 7 6 4 5 5 5 7 5 5 5 6 11 4 2 5 5 5 5 5 6 6 5 5 6 5 5 5 5 5 6 13 6 5 5 6 4 5 2 5 7 
Playlist #113: ZFor.Bill Stevens, Mar '09
1 1 1 1 1 1 1 1 1 1 1 1 1 1 1 1 1 1 
Playlist #114: Hyper-Sparse
5 5 4 6 6 6 4 6 7 6 6 6 5 6 7 5 6 6 6 7 4 5 6 7 7 6 1 6 6 6 6 7 6 6 5 5 6 6 5 6 6 6 6 6 6 6 5 5 6 6 6 7 6 6 6 7 6 6 6 1 6 6 6 6 5 6 6 6 7 7 6 5 6 4 6 6 5 4 6 6 3 5 6 6 6 6 5 7 4 6 6 6 7 6 7 6 5 7 6 5 7 6 7 6 2 7 6 6 2 6 7 6 6 8 7 7 6 4 7 6 6 6 6 6 6 4 5 7 6 7 5 4 6 7 5 6 5 2 7 6 7 6 7 2 7 6 6 6 
Playlist #115: -Chill-Jazz
1 6 4 5 1 6 5 4 1 4 5 5 6 4 6 6 5 5 1 6 5 5 4 6 4 3 1 5 1 5 5 6 6 5 5 5 6 6 5 1 6 6 6 6 6 5 6 4 1 6 6 6 5 5 4 5 6 4 5 6 4 6 6 5 5 11 6 4 1 6 5 5 4 6 5 6 4 7 6 6 5 4 4 5 5 4 6 5 7 4 6 5 4 7 1 5 6 5 5 6 5 6 6 7 6 6 4 4 6 4 4 2 2 6 5 5 6 8 6 6 5 5 7 4 5 6 5 6 5 7 6 5 1 6 1 5 1 6 5 6 5 6 6 
Playlist #116: ZMore.Rock.Surge
1 1 1 1 1 1 1 1 1 1 1 1 1 1 1 1 1 1 1 1 1 1 1 1 1 1 1 1 1 1 1 1 1 1 1 1 1 1 1 1 1 1 1 1 1 1 1 1 1 1 1 1 1 1 1 1 1 1 1 1 1 1 1 1 1 1 1 1 1 1 1 1 1 1 1 1 1 1 1 1 1 1 1 1 1 1 1 1 1 1 1 1 1 1 1 1 1 1 1 1 1 1 1 1 1 1 1 1 1 1 1 1 1 1 1 1 1 1 1 1 1 1 2 1 1 1 1 1 1 1 1 1 1 1 1 1 1 1 1 1 1 1 1 1 1 1 1 1 1 1 1 1 1 1 1 1 1 1 1 1 1 1 1 1 1 1 1 1 1 1 1 1 1 1 
Playlist #117: Hyper-Trippy
8 1 8 8 2 17 1 8 8 13 7 8 8 9 8 8 8 10 1 8 2 9 1 7 2 8 19 8 8 9 9 9 8 8 8 8 7 7 2 7 8 2 8 7 2 9 9 9 2 8 5 1 9 9 8 4 9 8 8 9 7 7 7 6 9 4 1 9 8 8 8 2 
Playlist #118: ZFrom Melissa, Oct '14

Playlist #119: Hyper-Fierce Convictions
2 2 7 4 8 8 3 8 7 8 8 9 2 2 8 9 9 3 4 3 3 3 2 8 5 2 8 8 2 7 8 3 9 2 4 7 9 8 8 8 8 3 12 7 3 2 9 9 10 5 8 8 3 3 9 8 2 3 3 8 8 7 8 4 8 7 3 9 8 9 8 2 9 9 2 8 8 8 8 3 9 7 8 7 17 3 5 3 9 3 9 9 8 4 7 2 9 9 2 8 8 8 3 8 9 7 2 2 2 
Playlist #120: -Rock-Force-Sheer Energy
5 5 3 2 2 2 6 2 3 6 2 3 3 3 8 2 5 6 6 2 7 7 5 4 5 11 7 2 4 5 4 7 5 7 2 3 7 6 4 3 8 7 1 7 6 6 5 2 6 2 5 7 5 6 3 8 5 7 6 5 5 6 6 10 5 5 3 11 5 7 
Playlist #121: ZMore.Reveries-Idyllic
1 1 1 1 1 1 1 1 1 1 1 1 1 1 1 1 1 1 1 1 1 1 1 1 1 1 1 2 1 1 1 1 1 1 1 1 1 1 1 1 1 1 1 1 1 1 1 1 1 1 1 1 1 1 1 1 1 1 1 1 1 1 1 1 1 1 1 1 1 1 1 1 1 1 1 1 1 1 1 1 1 1 1 1 1 1 1 1 1 1 1 1 1 1 1 1 1 1 1 1 1 1 1 1 1 1 1 1 1 1 1 1 1 1 1 1 1 1 1 1 1 1 1 1 1 1 1 1 1 1 1 1 
Playlist #122: -Rock-Force.Force
4 4 6 5 4 4 3 4 5 4 4 11 5 4 5 5 4 5 4 8 4 5 5 4 7 10 5 3 4 4 5 4 5 4 4 3 7 4 4 5 4 5 6 4 6 4 5 4 6 7 6 5 5 6 4 11 4 5 5 5 5 5 6 5 5 5 4 5 6 6 4 3 5 7 5 5 4 4 6 5 5 6 4 4 4 4 5 6 4 3 3 5 5 5 5 5 7 5 4 5 4 5 4 4 3 
Playlist #123: -Pop.Reveries-Lilting
3 4 3 3 7 3 3 3 4 3 3 3 2 4 3 4 3 3 3 3 3 4 3 3 2 4 5 4 3 3 2 3 4 3 3 3 3 2 3 6 3 3 2 4 3 3 4 3 1 3 3 2 4 3 3 3 4 3 2 3 3 3 3 3 3 3 3 3 2 3 3 3 4 3 4 2 4 3 4 1 1 4 1 4 3 3 3 3 4 3 
Playlist #124: -Rock-Litanies
5 4 4 4 4 4 4 5 4 4 4 4 4 5 4 4 4 4 4 4 5 4 4 4 5 5 4 4 4 5 4 4 4 5 5 5 4 5 3 4 3 4 5 3 4 4 4 4 
Playlist #125: -Pop-Catalytic
6 6 5 4 5 5 5 5 5 5 2 5 2 6 5 6 5 6 3 4 3 6 5 6 5 3 6 5 5 6 3 4 6 6 5 5 3 6 6 5 5 5 5 4 6 5 5 6 4 6 3 4 3 4 6 2 5 5 6 3 6 4 5 5 5 6 4 2 5 5 6 5 3 5 4 6 5 6 4 5 6 5 6 4 5 2 2 5 6 6 5 5 4 4 3 5 6 6 5 6 5 5 6 5 5 2 4 6 7 6 3 6 5 5 4 5 5 5 2 4 4 5 6 5 5 5 7 3 5 5 3 6 3 6 5 3 3 4 5 5 4 5 5 2 5 5 5 6 7 5 6 
Playlist #126: ZFor.Gretchen, July '10
1 1 1 1 1 1 1 1 1 1 1 1 1 1 1 1 1 1 1 1 
Playlist #127: -Rock-Force-Surge
6 3 4 4 3 3 4 3 4 3 3 4 3 4 2 4 4 4 3 3 4 3 6 4 3 4 2 4 3 3 4 4 3 3 4 3 3 4 6 4 4 4 3 3 4 3 3 3 3 4 4 3 3 4 4 4 3 4 4 3 3 3 3 4 4 3 4 3 4 3 3 3 4 4 4 4 4 4 3 3 4 5 4 3 4 4 3 3 4 4 3 3 1 2 3 4 4 3 3 4 4 4 4 9 4 3 1 4 4 3 4 4 4 3 3 3 4 4 4 3 4 4 4 4 4 3 3 3 4 3 3 4 3 4 3 5 4 4 4 4 4 4 6 4 1 3 1 4 4 2 4 4 3 4 4 3 3 4 4 4 4 4 3 4 3 4 4 3 3 3 4 3 6 3 3 3 3 3 4 3 4 4 4 4 4 4 3 4 4 3 3 4 4 4 4 3 4 3 4 4 3 4 4 3 3 3 3 4 3 3 4 2 3 4 4 4 4 3 
Playlist #128: ZMore.Reveries-Haunted
1 1 1 1 1 1 1 1 1 1 1 1 1 1 1 1 1 1 1 1 1 1 1 1 1 1 1 1 1 1 1 1 1 1 1 1 1 1 1 1 1 1 1 1 1 1 1 1 1 1 1 1 1 1 1 1 1 1 1 1 1 1 1 1 1 1 1 1 1 1 1 1 1 1 1 1 1 1 1 1 1 1 1 1 1 1 1 2 1 1 1 1 1 1 1 1 1 1 1 1 1 1 1 1 1 1 1 1 1 1 1 1 1 1 1 1 1 1 1 1 1 1 1 1 1 1 1 1 1 1 1 1 1 1 1 1 1 1 1 1 1 1 1 1 1 1 1 1 1 1 1 1 1 1 1 1 1 1 1 1 1 1 1 1 1 1 1 1 1 1 1 1 1 1 1 1 1 1 1 1 1 1 1 1 1 1 1 1 1 1 1 1 1 1 1 1 1 1 1 1 1 1 1 1 1 1 1 1 1 1 1 1 1 1 1 1 1 1 1 1 1 1 1 1 1 1 1 1 1 1 1 1 1 1 1 1 1 1 1 1 1 1 1 1 1 1 1 1 1 3 1 1 1 1 1 1 1 1 1 1 1 1 1 1 1 1 1 1 
Playlist #129: ZFor.Gretchen, Feb '11
1 1 1 2 
Playlist #130: -Pop.Reveries-Bones
5 5 5 1 2 2 2 3 3 1 5 4 2 2 3 3 3 5 5 3 2 3 2 2 6 2 1 3 2 1 2 2 1 1 6 5 5 4 5 1 5 1 5 4 4 5 2 6 4 2 1 1 3 5 5 5 2 4 3 1 5 2 2 5 5 2 3 2 1 1 3 3 5 4 7 5 6 3 3 1 6 4 3 4 6 6 2 2 2 4 4 1 6 6 2 4 3 2 6 3 2 1 2 3 5 2 1 3 3 2 3 5 3 6 4 4 1 1 6 4 5 2 4 4 1 5 6 3 1 4 1 2 3 3 2 5 5 3 3 3 1 4 5 3 3 3 3 2 3 3 3 4 4 1 2 6 1 3 1 3 5 
Playlist #152: Whee
2 2 2 1 2 2 1 2 2 1 1 2 2 2 2 1 2 2 2 1 2 2 2 1 2 1 1 1 1 2 2 2 2 2 2 1 2 1 1 2 2 1 1 2 1 1 2 2 1 1 1 2 1 1 2 2 2 2 2 2 1 1 2 2 1 1 2 1 2 1 1 1 1 1 2 1 2 2 2 2 2 1 1 2 1 2 1 1 1 2 2 2 1 2 2 2 1 2 1 1 2 1 1 1 1 2 
Playlist #153: ZFor.JCC Pool guy
1 1 1 1 
Playlist #154: ZFor Auditioning.daniel barbiero
1 1 1 1 3 1 1 1 1 
Playlist #155: Filigrees.Whisps
4 3 3 4 4 3 3 3 4 3 3 3 3 3 2 3 4 3 3 3 3 2 3 3 4 3 3 3 3 3 3 3 3 3 3 2 3 3 3 4 3 3 3 4 3 4 3 3 3 3 2 3 3 3 3 4 3 3 3 3 3 3 3 3 3 3 3 3 4 4 3 3 4 4 3 3 3 3 3 3 3 3 3 3 3 3 3 3 3 3 4 2 3 3 3 3 3 3 3 3 2 3 3 3 3 3 3 3 3 3 3 3 3 3 3 3 3 3 3 3 3 3 3 3 3 3 3 3 4 3 3 2 2 3 4 3 3 4 4 3 3 3 3 3 3 3 3 3 3 1 3 3 4 3 3 3 3 3 4 3 3 4 4 3 3 3 3 3 3 3 4 3 3 4 3 3 3 3 4 3 4 3 3 3 3 3 3 3 4 3 3 3 3 3 3 4 3 3 4 3 3 3 3 3 3 3 3 3 3 3 4 3 3 3 3 3 3 3 3 3 3 3 4 3 4 3 3 3 4 3 3 4 3 4 2 3 3 3 3 3 3 3 2 3 
Playlist #156: ZMore.Deep.Force
1 1 1 1 1 1 1 1 1 1 1 1 1 1 1 1 1 1 1 1 1 1 1 1 1 1 1 1 1 1 1 1 1 1 1 1 1 1 1 1 1 1 1 1 
Playlist #157: -Pop-Candy.Bouncy
6 4 5 3 4 5 5 6 5 5 3 4 5 2 4 4 5 5 3 2 4 6 5 5 3 5 5 2 3 5 5 6 4 3 5 2 5 6 5 5 5 5 3 4 5 5 6 5 6 6 5 3 3 4 4 4 5 2 5 5 5 6 5 4 5 4 3 4 2 5 3 5 3 6 5 3 2 5 4 5 5 5 7 6 7 5 7 2 6 6 5 6 2 4 3 5 4 2 2 6 3 6 3 5 5 4 4 4 5 5 5 3 6 5 4 5 4 5 5 6 3 4 3 6 6 5 5 5 5 5 5 4 3 3 5 3 5 5 5 5 2 7 5 5 4 5 6 6 2 5 3 5 6 4 6 5 3 3 2 6 5 2 5 2 5 6 6 3 6 5 5 5 3 5 2 2 4 2 6 6 5 7 5 
Playlist #158: ZMore.Beat.ClapHands (Coarse)
1 1 1 1 1 1 1 1 1 1 1 1 1 1 1 1 1 1 1 1 1 1 1 1 1 1 1 1 1 1 1 1 1 1 1 1 1 1 1 1 1 1 1 1 1 1 1 1 1 1 1 1 1 1 1 1 2 1 1 1 1 1 1 1 1 1 1 1 1 1 1 1 1 1 1 1 1 1 
Playlist #159: Space-Hypnotic-Flow
3 4 4 3 3 4 3 4 3 3 1 3 4 4 3 4 4 3 4 4 3 4 3 4 1 3 4 6 4 4 3 4 4 4 3 3 4 4 4 3 2 3 4 4 4 4 4 3 3 3 3 4 3 3 4 3 4 2 5 4 5 4 4 3 3 3 1 4 4 3 
Playlist #160: Radio.Yours Truly, Johnny Dollar
6 6 6 6 6 
Playlist #161: G1removed
4 4 3 4 5 2 3 5 4 2 5 3 5 3 4 4 5 2 4 5 2 3 2 5 4 5 5 4 3 3 3 3 4 3 2 5 2 4 4 5 3 3 5 3 5 5 4 4 5 4 4 3 5 4 4 2 4 5 3 5 2 5 3 4 4 3 4 3 4 4 2 3 5 3 3 4 3 5 2 3 2 2 5 3 3 3 3 3 4 3 5 5 5 3 2 3 5 4 2 2 3 5 4 4 3 5 3 2 5 4 4 4 4 2 4 3 4 4 4 2 2 4 4 3 4 4 5 4 3 3 3 2 5 3 4 3 3 4 5 4 5 2 5 3 4 2 
Playlist #162: ZFor.Jason, Jan '08
1 1 1 1 1 1 1 1 1 1 1 1 1 1 1 1 1 1 1 1 2 1 1 1 
Playlist #163: -Pop.Reveries.Fascinations
5 5 5 5 6 7 6 5 5 6 6 2 9 5 6 5 6 5 3 4 4 4 6 7 5 6 6 6 6 5 6 6 6 6 4 5 5 6 6 6 5 6 6 6 5 5 6 6 5 5 6 6 6 6 2 6 5 6 2 6 5 5 5 6 5 4 4 5 5 6 5 6 6 6 6 6 2 5 5 5 6 7 6 6 5 5 5 5 5 4 6 7 5 5 6 7 6 5 5 6 5 4 5 4 6 6 6 5 4 5 4 5 5 6 2 5 6 5 5 5 5 5 6 6 6 5 7 6 6 6 6 1 5 6 5 6 6 6 6 
Playlist #164: ZFor.Robbie - Nov 08
1 1 1 1 1 1 1 1 1 1 
Playlist #165: -Rock-Crisp.Brash
3 3 3 3 3 3 4 3 3 3 3 4 3 3 3 4 4 4 4 3 4 3 4 3 3 4 3 3 4 4 3 3 3 3 4 3 4 3 4 3 3 3 3 3 3 3 4 3 3 3 3 3 3 3 3 3 3 3 3 4 3 3 3 4 3 3 4 3 4 4 3 2 3 4 4 3 3 3 3 3 3 3 3 2 3 4 3 4 4 3 3 4 3 4 3 3 4 4 3 3 3 3 3 3 3 3 4 3 3 3 3 3 3 3 3 3 3 3 3 2 3 3 2 3 3 3 3 3 4 3 3 2 4 3 3 3 3 3 3 
Playlist #166: -Rock.Big Beat.Ambling
6 5 5 7 7 6 2 6 4 6 5 5 3 6 6 5 6 6 6 4 5 5 3 6 6 6 3 2 5 6 6 3 6 5 6 6 2 5 4 5 6 5 
Playlist #167: -Pop-Candy-Irresistable
1 1 1 1 1 1 1 1 1 1 1 1 1 1 1 1 1 1 1 1 1 1 1 3 1 1 1 1 1 1 1 1 1 1 1 1 1 1 1 1 1 1 1 1 1 1 1 1 1 1 1 1 
Playlist #168: Hyper-Raptures
4 3 4 6 4 6 4 4 6 5 5 5 5 5 6 5 5 6 1 3 3 4 6 3 6 6 4 5 5 5 5 1 5 3 6 3 5 5 4 4 6 6 4 5 5 4 5 6 4 5 5 5 4 4 5 5 4 1 1 6 6 6 4 9 5 5 1 3 1 4 3 4 5 5 5 5 5 4 5 5 4 5 4 5 5 5 3 5 4 9 3 5 4 6 4 5 3 3 6 5 5 5 5 4 3 4 5 4 6 4 4 4 5 6 5 4 4 5 6 3 5 5 6 4 4 6 6 5 5 5 5 5 4 4 5 6 4 6 5 5 5 5 6 5 5 5 4 4 5 5 5 5 4 5 5 4 1 3 5 4 5 4 6 5 4 4 3 3 5 5 5 4 5 1 6 6 5 5 5 6 6 5 3 4 5 2 5 5 1 5 
Playlist #169: ZFor.Caylin, 20May07
1 1 1 1 1 1 1 1 1 1 1 1 1 1 1 1 1 1 1 1 1 1 1 1 1 1 1 1 1 1 1 1 1 1 1 1 1 1 1 1 1 1 1 1 1 1 1 1 1 1 1 1 1 1 1 1 2 1 1 1 1 1 
Playlist #170: ZFor.Amy, Jan '11
1 1 1 1 1 1 1 1 1 1 1 1 1 1 1 1 1 1 1 1 
Playlist #171: -Pop.Reveries--Flow
2 3 2 2 2 2 1 2 2 2 2 2 2 2 2 2 2 1 2 2 5 1 2 2 2 2 2 2 2 2 2 1 2 2 1 2 2 2 2 2 1 2 1 4 2 
Playlist #172: +new

Playlist #173: ZFor.Mike Vargas, May 07
1 1 1 1 1 1 1 1 1 1 1 1 1 1 1 1 1 1 1 1 1 1 1 2 1 1 2 1 1 1 1 
Playlist #174: -Chill-Effortless
4 4 3 4 4 5 3 4 3 4 1 2 3 4 5 6 2 5 5 4 4 5 4 4 4 5 5 5 4 5 3 4 4 2 5 4 4 8 5 5 3 4 4 4 2 5 4 2 3 4 4 4 5 5 5 4 4 11 3 4 11 4 2 5 4 
Playlist #175: ZFor.Naomi, Aug '09
1 1 1 1 1 1 1 1 1 1 1 1 1 1 1 1 1 1 1 1 1 1 1 1 1 1 1 1 1 1 1 1 1 1 1 1 1 1 2 1 2 1 1 1 1 1 1 1 1 1 1 1 1 1 1 1 1 1 1 1 1 1 1 1 1 1 1 1 1 1 1 1 1 1 1 1 1 1 1 1 1 1 1 1 
Playlist #176: For Lindsay forms, sep 06
2 2 2 2 2 2 2 2 2 2 2 2 2 2 2 2 2 2 2 2 2 2 2 2 2 2 2 
Playlist #177: Rose Mohan
3 3 3 3 3 3 3 3 3 3 3 
Playlist #178: Hyper-Convictions
1 4 4 4 4 4 3 3 4 4 4 4 3 4 4 4 3 4 4 1 4 3 4 5 3 4 4 4 4 4 1 4 4 4 4 4 4 8 4 3 4 5 4 4 4 4 4 3 3 3 3 4 4 1 3 4 3 4 4 4 4 4 4 4 4 4 4 4 4 4 4 5 4 3 4 4 3 3 4 1 3 7 4 5 3 4 1 4 3 5 3 4 4 4 4 4 4 3 3 4 4 4 4 3 4 3 4 4 4 4 3 4 4 4 4 4 4 4 4 4 4 3 4 4 4 5 4 4 3 4 4 3 3 4 5 7 4 4 5 4 4 4 4 4 4 4 4 4 4 3 4 4 3 3 4 3 4 4 4 3 4 4 4 4 4 3 4 4 4 3 4 4 4 4 4 4 3 4 4 3 4 4 4 4 4 4 4 4 3 3 4 4 4 4 4 5 3 5 3 4 3 4 3 4 3 4 4 4 3 
Playlist #179: -Rock-Convictions.Insinuating
5 5 5 5 4 4 5 5 6 5 5 3 4 4 4 4 4 5 4 5 5 1 5 4 4 3 4 5 2 5 4 6 5 2 5 5 6 5 6 6 5 5 5 4 5 4 5 4 4 5 5 4 3 5 5 6 4 
Playlist #180: -Rock.Stark
5 4 5 4 6 3 4 5 4 6 6 6 5 6 6 6 2 5 6 6 6 3 5 4 5 5 3 6 3 5 5 4 5 5 6 3 3 6 5 5 4 5 5 5 5 3 4 6 5 4 5 6 3 5 6 4 5 4 6 5 3 5 5 5 5 6 9 6 5 4 6 5 5 5 4 5 5 6 2 6 4 6 3 4 4 2 5 5 5 5 5 6 5 5 5 5 11 6 3 3 3 11 6 6 5 3 3 6 6 6 4 6 4 5 5 6 5 3 6 
Playlist #181: -Chill--Sleek
4 3 2 2 7 3 1 3 4 4 3 6 5 6 10 7 4 9 3 4 3 6 4 4 4 5 4 3 2 
Playlist #182: -Chill-Core
7 6 5 4 6 5 5 5 11 5 5 5 6 4 8 2 7 4 5 5 5 5 5 5 5 7 6 5 6 15 12 5 6 13 6 5 5 7 5 5 7 6 7 5 5 5 7 6 6 1 6 7 6 6 
Playlist #183: On-The-Go 1
3 
Playlist #184: -Rock-Crisp-Sparse
7 7 8 9 7 6 7 7 8 8 7 8 7 8 7 5 8 1 8 8 8 5 8 7 8 5 8 8 8 8 7 7 7 8 8 8 4 7 8 7 8 7 7 8 8 7 7 9 7 7 5 7 8 7 7 7 7 7 7 7 7 8 4 15 9 7 7 5 5 7 7 4 7 8 9 7 7 4 5 8 7 8 8 8 7 7 7 7 7 7 5 7 7 7 7 6 9 7 1 8 4 5 7 8 7 8 7 8 9 8 7 8 8 7 8 7 7 8 7 8 9 7 8 
Playlist #185: ZFor.lindsay patterns, sep 06
1 1 1 1 1 1 1 1 1 2 1 1 1 1 1 1 1 1 1 1 1 2 1 
Playlist #186: -Pop-Candy-Silk
7 5 5 5 6 6 4 6 5 5 6 6 6 5 5 5 6 5 5 5 7 5 6 6 6 6 5 6 5 6 6 6 6 2 5 2 6 6 5 6 5 5 5 5 6 6 6 5 6 1 6 6 12 6 5 5 7 6 5 6 5 5 6 5 5 5 4 5 6 6 5 6 6 5 6 5 5 5 4 6 5 5 5 5 6 5 5 1 5 6 6 6 1 6 5 5 6 5 5 5 6 5 8 6 5 5 5 5 5 6 5 5 7 7 5 5 6 6 5 1 6 5 6 6 5 5 7 6 5 2 6 5 7 
Playlist #187: -Pop.Reveries-Fierce Folk
3 2 2 1 2 1 1 1 2 2 2 2 2 2 2 1 2 2 2 2 2 1 2 2 1 2 2 1 2 1 1 2 2 1 2 1 1 2 2 2 2 2 2 1 2 1 2 1 1 2 2 2 2 2 2 2 2 1 2 2 1 2 2 1 2 2 2 2 1 2 2 2 2 2 1 2 1 2 2 2 1 2 2 1 1 2 1 1 1 2 2 2 2 2 2 2 2 2 2 1 1 2 2 2 2 2 2 2 2 2 2 2 2 2 2 1 2 2 1 1 2 2 2 1 2 2 2 2 2 2 2 2 2 1 1 2 2 2 1 1 2 2 2 2 2 2 2 2 1 2 2 2 1 2 2 1 2 2 2 2 2 2 2 2 1 1 1 2 1 2 2 2 1 1 1 2 2 2 2 2 2 1 2 1 2 2 2 2 2 2 1 2 1 1 2 2 1 1 1 2 2 1 2 2 1 2 1 1 2 1 1 2 2 1 2 2 2 1 2 2 2 2 2 1 2 2 2 2 2 1 1 1 2 1 2 2 1 2 2 2 2 2 2 2 2 2 2 2 1 2 2 2 2 2 2 2 2 2 1 2 2 2 2 2 1 1 2 2 1 2 2 2 2 1 2 2 2 1 2 2 2 2 2 2 2 2 2 2 2 2 2 1 1 2 2 2 2 2 2 1 2 2 1 2 2 2 2 2 2 2 2 1 1 2 2 2 1 2 1 2 2 2 2 1 2 1 2 2 2 1 2 1 2 2 2 2 2 2 1 2 2 2 2 2 2 2 2 2 2 2 2 2 1 2 2 2 2 2 1 2 1 1 2 2 2 2 1 2 2 2 2 2 2 2 1 1 1 1 2 1 2 1 2 1 2 2 2 2 2 2 2 1 2 2 2 1 2 2 3 2 2 2 2 2 2 1 2 2 
Playlist #188: ZMore.Crisp.Uncluttered Folk
1 1 1 1 1 1 1 1 1 1 1 1 1 1 1 1 1 1 1 1 1 1 1 1 1 1 1 1 1 1 1 1 1 1 1 1 1 1 1 1 1 1 1 1 1 1 1 1 1 1 1 1 1 1 1 1 2 1 1 1 1 1 1 1 1 1 1 1 1 1 1 1 1 1 1 1 1 1 1 1 2 1 1 1 1 1 1 1 2 2 1 1 1 1 1 1 1 1 1 1 1 1 1 1 1 1 1 1 1 1 1 1 1 1 1 1 1 1 1 1 1 1 1 1 1 1 1 1 1 1 1 1 1 1 1 1 1 1 1 1 1 2 1 1 1 1 1 1 1 1 1 1 1 1 2 1 2 1 1 1 1 1 1 1 1 1 1 1 1 1 1 1 1 1 1 1 1 1 2 1 2 1 1 1 1 2 1 1 1 1 1 1 1 1 1 1 1 1 1 1 1 1 1 1 1 1 1 1 2 1 1 1 1 1 1 1 1 1 1 1 1 1 1 1 1 1 1 1 1 1 1 1 1 1 2 1 1 1 1 2 1 1 1 1 1 1 1 1 1 1 1 1 1 1 1 1 1 1 1 1 1 1 1 1 1 1 1 1 1 1 1 1 1 1 1 1 1 1 1 1 1 1 1 1 1 1 1 1 1 1 1 1 1 1 1 1 1 1 1 1 1 1 1 1 1 1 1 1 1 
Playlist #189: Filigrees-Phase.Evening
5 6 5 6 6 6 6 5 5 5 5 6 5 6 6 5 6 6 5 6 6 6 6 6 1 5 5 7 5 4 6 6 6 5 5 7 6 6 6 6 6 5 6 5 6 5 5 5 6 6 5 5 5 5 6 5 6 6 6 6 6 6 2 6 6 6 6 6 5 5 5 6 6 6 6 5 6 6 5 5 5 6 6 6 5 5 6 5 5 6 5 6 6 7 5 6 5 5 6 5 6 6 6 6 5 6 6 6 6 6 6 4 4 5 5 6 5 5 7 6 6 6 5 5 4 6 5 6 6 6 7 6 6 5 4 6 3 6 5 5 5 7 5 6 5 
Playlist #190: -Pop.Reveries.Bewitching
4 4 4 4 4 4 4 6 4 3 5 4 3 4 4 4 4 4 4 4 9 4 4 4 4 4 4 4 4 4 4 4 4 4 5 4 4 5 4 5 4 4 4 4 4 4 4 4 4 5 4 4 5 4 4 4 4 6 5 4 4 4 4 4 4 4 4 4 5 4 5 4 4 4 4 3 4 4 3 1 4 4 4 4 4 4 4 9 4 4 4 4 4 4 4 4 4 4 4 4 4 4 4 2 4 4 4 4 4 4 4 4 4 4 5 5 4 5 6 4 4 4 4 4 4 6 4 4 4 4 4 4 5 4 2 4 4 4 4 4 4 4 5 4 4 4 4 4 3 4 3 4 4 4 4 4 4 4 4 3 4 4 5 4 4 4 4 4 4 5 4 4 4 9 4 5 4 4 4 4 4 5 4 4 4 1 4 4 6 4 5 4 4 
Playlist #191: Filigrees-Prog-Rock
4 3 3 4 3 4 2 3 3 3 3 4 3 3 3 4 3 2 4 4 3 3 3 3 4 4 4 4 4 3 3 2 4 3 4 4 3 3 3 3 4 4 4 2 4 3 4 2 4 2 3 4 3 1 3 4 3 3 3 3 3 4 2 3 4 3 2 4 3 3 3 3 2 3 3 3 3 4 3 3 3 2 3 4 4 2 4 3 4 2 3 3 4 4 4 2 4 2 3 3 3 3 4 3 3 3 2 
Playlist #192: -Rock-Crisp-Searing-Guitar
1 1 1 1 1 1 1 1 1 1 
Playlist #193: Space-Hypnotic-Dreamy
3 4 4 4 4 4 9 9 3 4 3 4 3 4 4 4 4 4 4 4 3 6 3 4 3 3 4 3 3 4 4 4 3 4 3 4 4 3 4 4 4 3 3 4 4 4 4 4 4 4 4 3 4 4 3 3 3 4 4 4 4 3 2 4 4 3 4 3 3 4 3 4 4 4 3 4 3 3 9 4 9 4 3 
Playlist #194: -Rock-Dreamy
6 5 6 5 7 5 5 5 5 5 5 6 5 5 6 5 5 5 9 5 5 5 5 5 5 5 6 5 5 6 5 5 6 5 5 5 5 5 7 6 5 5 7 5 7 6 6 5 5 6 6 5 5 5 5 5 5 5 11 6 5 6 
Playlist #195: ZMore.Rock.Mediated Force
1 1 1 1 1 1 1 1 1 1 1 1 1 1 1 1 1 1 1 1 1 1 3 1 1 1 1 1 1 1 1 1 1 1 1 1 1 1 1 1 1 1 1 1 1 1 1 1 1 1 1 1 1 1 1 1 1 1 1 1 1 1 1 1 1 1 1 1 1 1 1 1 1 1 1 1 1 1 1 1 1 1 1 1 1 1 1 1 1 2 1 1 1 1 1 1 1 1 1 1 1 1 1 1 1 1 1 1 1 1 1 1 1 1 1 1 1 1 1 1 
Playlist #196: -Hyper-Magic
4 3 3 1 1 4 1 1 2 3 1 2 2 4 4 2 1 3 3 2 2 3 3 3 5 4 4 3 4 3 2 3 3 1 2 4 3 3 3 3 3 2 2 2 3 3 1 3 3 2 2 1 3 2 3 3 4 3 2 3 3 2 3 3 4 2 3 1 1 4 3 2 4 2 
Playlist #197: Filigrees--Core-Chiming-Patterns
1 3 1 3 2 3 3 2 3 1 3 1 1 2 2 1 1 2 3 1 3 1 1 5 2 1 1 1 2 1 4 3 3 3 1 2 3 2 3 1 1 2 2 3 3 3 2 2 2 2 3 1 3 1 3 
Playlist #198: ZMore.Reveries-Resounding
1 1 1 1 1 1 1 1 1 1 1 1 1 1 1 1 1 1 1 1 1 1 1 1 1 1 1 1 1 1 1 1 1 1 1 1 1 1 1 1 1 1 1 1 1 1 1 1 1 1 1 1 1 1 1 1 1 1 1 1 1 1 1 1 1 1 1 1 1 1 1 1 1 1 1 1 1 1 1 1 1 1 1 1 1 1 1 1 1 1 1 1 1 1 1 1 1 1 1 1 1 1 1 1 1 1 1 1 1 1 1 1 1 1 1 1 1 1 1 1 1 1 1 1 1 1 1 1 1 1 1 1 1 1 1 1 1 2 1 1 1 1 1 1 1 1 1 1 1 1 1 1 1 1 1 1 1 1 1 1 1 1 1 1 1 1 1 1 1 1 1 1 1 1 1 1 1 1 1 1 1 1 1 1 1 1 1 1 1 1 1 1 1 1 1 1 1 1 1 1 1 1 1 1 1 1 1 1 1 1 1 1 1 1 1 1 1 1 1 1 1 1 1 1 1 1 1 1 1 1 1 
Playlist #199: -Rock-Crisp-Lean N Mean
3 5 5 6 5 3 4 6 5 3 6 3 11 4 3 4 4 5 6 3 5 6 5 6 5 6 4 4 6 5 6 5 4 4 4 5 4 5 5 4 3 5 6 5 3 4 3 5 4 6 6 5 4 6 4 4 2 5 2 5 5 6 3 3 3 6 4 4 6 5 4 6 5 4 5 5 3 5 5 5 5 4 5 4 4 5 5 5 4 4 2 5 5 6 5 3 3 4 4 4 5 2 4 6 4 4 5 5 3 5 7 4 5 5 5 5 6 3 5 5 4 4 4 3 6 5 4 7 9 9 4 5 5 5 5 11 5 2 4 5 2 4 5 6 5 5 5 5 3 5 5 5 4 6 6 4 5 2 5 5 6 11 5 2 5 4 6 4 5 4 3 6 5 5 4 
Playlist #200: ZFor.Chelsea, Jan '10
1 1 1 1 1 1 1 1 1 1 1 1 1 1 1 1 1 1 1 1 1 1 1 1 1 1 1 1 1 1 1 1 1 1 1 1 1 1 1 1 1 1 1 1 1 1 1 1 1 1 
Playlist #201: ZMore.Delicacies-Sparse
1 1 1 1 1 1 1 1 1 1 1 1 1 1 1 1 1 1 1 1 1 1 1 1 1 1 1 1 1 1 1 1 1 2 1 1 1 1 1 1 1 1 1 1 1 1 1 1 1 1 1 1 1 1 1 1 1 1 1 1 1 1 1 1 1 1 1 1 1 2 1 1 1 1 1 1 1 1 1 1 1 2 1 1 1 3 1 1 1 1 1 1 1 2 1 1 1 1 1 1 1 1 1 1 1 1 1 1 1 1 1 1 1 1 1 1 1 1 1 1 1 1 1 1 1 1 1 1 1 1 1 1 1 1 1 1 1 1 1 1 1 1 1 1 1 1 1 1 1 1 1 1 1 1 1 1 1 1 1 1 1 1 1 1 1 1 1 1 1 1 1 1 1 1 1 1 1 1 1 1 1 1 1 1 1 1 1 1 1 1 1 1 1 1 1 1 1 1 1 1 1 1 1 1 1 1 
Playlist #202: ZFor.Ash, Feb '09
1 1 1 1 1 1 1 1 1 1 1 1 1 1 1 1 1 1 1 1 
Playlist #203: Filigrees-Core
5 5 6 5 4 5 4 3 5 5 4 5 4 4 5 5 4 2 5 5 1 6 4 5 6 4 4 5 3 5 5 4 4 5 4 4 5 4 5 4 5 5 3 4 2 5 5 5 4 4 4 5 5 6 4 5 5 3 4 5 4 2 5 5 4 5 4 5 6 4 5 6 6 9 5 5 2 4 4 4 5 5 4 1 6 2 4 6 5 5 5 4 4 5 5 5 6 2 4 4 5 4 5 6 2 5 5 4 1 5 4 4 3 4 5 4 5 5 4 5 5 3 5 5 3 5 5 6 5 5 5 5 5 4 5 5 5 5 7 4 6 5 5 2 5 5 5 5 4 4 6 5 5 5 6 5 5 5 5 5 5 2 6 3 4 6 4 6 5 4 5 5 5 5 4 5 5 4 
Playlist #204: --Pop-Candy
1 2 1 1 1 1 1 1 1 1 1 1 1 1 1 1 1 1 1 1 1 1 1 1 1 1 1 1 1 1 1 1 1 1 1 1 1 1 1 1 1 1 1 1 1 1 1 1 1 1 1 1 1 1 1 1 2 1 1 1 1 1 1 1 1 1 1 1 1 1 1 1 1 1 1 2 1 1 1 1 1 1 1 1 1 1 1 1 1 1 1 2 1 1 1 1 1 2 1 1 1 1 1 1 1 1 1 1 1 1 1 1 1 1 1 1 1 1 1 1 1 1 1 1 1 1 1 1 1 1 1 1 1 1 1 1 1 1 1 1 1 1 1 1 1 1 1 1 1 1 1 1 1 1 1 1 1 1 1 1 1 1 1 1 1 1 1 1 1 1 1 1 1 1 1 1 1 1 1 1 1 1 1 1 1 1 1 1 1 1 1 1 1 1 1 1 1 1 1 1 1 1 1 1 1 1 1 1 1 1 1 1 1 1 1 1 1 1 1 1 1 1 1 1 1 1 1 1 1 1 1 1 1 1 1 1 1 1 1 1 1 1 1 1 1 1 1 1 1 1 1 1 1 1 1 1 1 1 1 1 1 1 1 1 1 1 1 1 1 1 1 1 1 1 1 1 1 1 1 1 1 1 1 1 1 1 1 1 1 1 1 1 1 1 1 1 1 1 1 1 1 1 1 1 1 1 1 1 1 1 1 1 1 1 1 1 1 1 1 1 1 1 1 1 1 1 1 1 1 1 1 1 1 1 1 1 1 1 1 1 1 1 1 1 1 1 1 1 1 1 1 1 1 1 1 1 1 1 1 1 1 1 1 1 1 1 1 1 1 1 1 1 1 1 1 1 1 1 1 1 1 1 1 1 1 1 1 1 1 1 1 1 1 2 1 3 1 1 1 1 1 1 2 1 1 1 1 1 1 1 1 1 1 1 1 1 1 1 1 1 1 1 1 1 1 1 1 1 1 1 1 1 1 1 1 1 1 1 1 1 1 1 1 1 1 1 1 1 1 1 1 1 1 1 1 1 1 1 1 1 1 1 1 1 1 1 1 1 1 1 1 1 1 1 1 1 
Playlist #205: Filigrees.Charming Patterns
6 6 5 6 6 6 7 5 6 6 6 5 6 6 5 6 6 2 5 6 4 5 5 6 5 5 5 6 6 6 5 6 5 5 5 2 5 5 5 6 6 5 5 6 6 5 5 6 6 7 6 6 4 4 6 6 6 6 6 6 6 6 5 6 6 6 5 6 4 7 7 6 6 5 6 6 6 6 5 7 6 6 6 5 6 5 5 6 5 5 
Playlist #206: Filigrees.Prog
4 5 2 4 4 4 4 3 3 3 3 4 2 4 4 3 4 3 4 4 4 2 4 2 4 2 3 4 2 4 4 3 3 3 4 4 3 2 2 3 4 4 3 3 4 4 2 3 5 3 4 4 2 1 3 4 3 2 2 3 2 3 3 3 4 3 3 2 3 4 2 4 4 4 3 4 4 3 4 2 4 2 2 3 3 4 4 2 3 4 3 4 3 4 5 3 3 3 3 2 2 4 2 4 2 4 3 2 4 3 3 4 3 2 2 4 3 4 5 3 5 4 4 3 2 4 2 2 4 3 3 3 4 2 3 4 3 3 3 3 3 2 4 4 4 3 2 3 2 4 3 4 3 3 2 2 3 2 3 4 2 3 4 4 4 3 3 4 3 3 3 4 4 3 2 3 3 4 3 3 4 5 4 3 3 2 5 4 4 4 3 4 4 3 3 3 4 4 4 3 3 2 3 2 4 3 4 4 2 4 4 1 3 4 3 3 2 4 3 4 4 4 2 3 3 3 3 5 2 3 5 3 5 3 3 4 3 3 
Playlist #207: -Rock-Crisp-Searing
5 4 12 5 4 11 1 6 6 4 3 5 6 4 1 6 6 6 5 6 5 5 6 5 5 7 5 5 7 5 6 3 5 6 7 1 5 6 11 5 5 5 5 2 6 6 13 3 5 6 1 4 8 5 6 6 5 9 5 13 5 13 5 11 3 1 5 1 6 5 2 3 7 5 7 9 6 5 6 11 5 
Playlist #208: Filigrees-Phase.Afternoon
5 5 6 6 6 5 5 6 7 4 5 6 6 6 6 5 5 6 5 6 5 5 5 6 3 6 5 5 6 5 6 5 4 5 5 5 5 5 5 6 6 5 5 5 5 6 6 3 6 
Playlist #209: -Pop.Compelling
3 3 3 2 3 3 3 3 3 3 3 2 3 3 3 3 2 3 2 3 3 2 2 3 3 3 3 2 3 2 3 3 2 3 2 3 2 3 3 3 2 2 3 2 1 3 1 2 1 4 3 3 3 3 2 3 3 3 3 3 3 2 3 3 3 3 3 3 3 3 3 2 3 3 2 2 3 3 3 3 3 4 3 2 3 2 2 3 3 2 3 3 3 3 3 3 3 3 4 3 1 3 3 1 3 2 3 3 3 2 3 3 3 3 3 3 4 3 3 2 3 2 2 3 2 2 3 3 1 3 5 1 2 3 3 3 3 2 3 3 3 3 3 3 3 4 3 3 3 4 2 2 3 3 3 3 3 3 3 3 1 3 3 3 4 3 3 3 2 2 3 3 3 3 4 3 3 4 3 3 3 3 2 3 3 3 2 3 3 1 3 3 3 3 2 3 2 3 3 2 3 3 2 2 3 3 3 3 2 3 3 3 3 2 3 3 3 1 3 3 3 3 1 3 3 1 3 3 2 1 3 2 2 2 3 3 3 3 2 3 4 3 3 2 3 3 3 2 2 3 2 2 3 2 3 2 3 3 3 3 1 
Playlist #210: ZMore.Reveries-Dreamy
1 1 1 1 1 1 1 1 1 1 1 1 1 1 1 1 1 1 1 1 1 1 1 1 1 1 1 1 1 1 1 1 1 1 1 1 1 1 1 1 1 1 1 1 1 1 1 1 1 1 1 1 1 1 1 1 1 1 1 1 1 1 1 1 1 1 1 1 1 1 1 1 1 1 1 1 1 1 1 1 1 1 1 1 1 1 1 1 1 1 1 1 1 1 1 1 1 1 1 1 1 1 1 1 1 1 1 1 1 1 1 1 1 1 1 1 1 1 1 1 1 1 1 1 1 1 1 1 1 1 1 1 1 1 1 1 1 1 1 1 1 2 1 1 1 1 1 1 1 1 1 1 1 1 1 1 1 1 1 1 1 1 1 1 1 1 1 1 1 1 1 2 1 1 1 1 1 1 1 1 1 1 1 1 1 1 1 1 1 1 1 1 1 1 1 1 1 
Playlist #211: -- Favorite Tracks
2 5 1 5 3 1 4 3 1 2 1 1 5 3 1 2 2 2 2 1 1 2 1 1 2 2 3 3 1 1 2 3 3 1 3 2 2 2 2 1 1 5 2 3 3 1 3 2 3 1 1 3 2 2 1 1 2 3 2 1 2 1 3 1 1 1 2 2 2 1 1 2 3 1 2 2 2 2 3 1 2 3 3 3 2 2 2 5 2 2 1 2 2 1 3 3 1 2 2 1 2 3 2 1 1 1 1 2 3 1 2 3 1 1 5 4 2 2 1 2 2 5 7 2 1 3 2 2 2 1 1 3 1 1 2 2 1 2 3 3 1 2 5 2 5 2 1 3 2 2 2 1 2 2 2 1 2 3 2 1 2 1 2 2 2 2 1 1 2 3 1 1 5 2 3 3 2 2 2 2 1 1 1 1 3 2 1 1 2 1 2 2 2 1 1 2 3 2 2 1 2 2 1 1 5 1 2 1 3 2 1 3 2 1 3 1 1 6 3 1 2 1 2 3 3 1 1 2 3 2 5 3 2 1 3 1 1 3 3 1 1 3 2 3 2 5 3 2 1 1 2 2 3 2 2 5 3 2 2 3 2 1 1 1 1 2 2 2 3 2 4 5 2 2 2 2 2 2 1 1 5 2 7 1 2 1 2 7 5 3 2 1 2 2 7 3 3 2 1 5 3 2 3 1 2 5 2 2 2 2 7 1 2 3 2 3 2 2 2 1 3 3 1 3 
Playlist #212: Vocal
5 5 4 5 5 4 4 4 4 4 4 4 5 4 5 4 5 4 4 5 5 4 4 4 5 5 5 4 5 4 5 5 5 4 4 5 4 5 5 5 4 4 5 4 4 5 5 4 4 5 4 5 5 5 4 
Playlist #213: Filigrees-Soft.Airy
6 5 5 6 6 6 5 6 6 5 6 6 6 6 6 6 5 5 6 5 6 6 6 5 7 5 5 5 6 6 5 5 4 6 5 6 6 6 5 4 6 6 6 6 6 5 5 6 5 6 6 6 6 6 5 6 5 6 6 5 6 5 6 6 6 6 6 6 6 7 6 5 6 5 5 6 6 6 6 5 6 6 6 5 6 5 5 6 6 7 6 5 5 6 6 5 6 2 6 6 6 6 5 6 6 6 6 6 6 6 6 5 5 6 2 6 5 6 5 6 4 7 7 6 5 6 7 6 6 5 6 5 5 7 5 6 5 
Playlist #214: Filigrees-Soft-Stark (Exquisite)
4 4 4 4 4 4 3 4 2 4 4 4 4 4 4 4 4 4 2 4 4 4 4 4 2 2 4 3 4 4 4 1 2 2 2 4 3 2 4 3 3 4 2 4 4 4 4 1 4 3 2 4 2 4 4 2 4 3 4 4 4 4 4 1 4 4 4 2 4 4 2 4 2 4 4 3 2 4 4 4 2 4 3 4 4 3 4 4 2 4 4 2 4 1 4 1 2 2 3 2 3 
Playlist #215: ZFrom.Jesse, Jan '09
1 1 1 1 1 1 1 1 1 1 1 1 1 1 1 1 1 1 1 1 1 1 1 1 1 1 1 1 1 1 1 1 1 1 1 1 1 1 1 1 
Playlist #216: ZFor.lana.1 - 10
1 1 1 1 1 2 1 1 1 1 1 1 1 1 1 1 1 1 1 3 3 1 1 1 1 1 1 2 1 1 1 3 1 1 1 1 1 1 5 1 1 1 1 1 1 2 1 1 1 1 2 1 1 1 1 1 1 1 1 2 1 1 1 1 1 1 1 1 1 1 1 1 1 1 1 1 2 1 1 1 1 1 1 1 3 1 1 1 8 1 1 1 1 1 1 1 1 1 1 1 1 1 1 1 2 1 1 1 1 1 1 1 1 2 1 1 1 1 1 1 1 1 2 1 1 2 1 1 1 1 1 1 1 1 1 1 1 1 1 2 1 1 1 1 1 1 1 2 1 1 1 1 1 1 1 1 1 1 1 1 1 1 1 1 1 1 1 1 1 1 1 1 1 1 1 3 1 1 1 1 3 1 1 1 1 1 1 1 1 1 1 1 1 1 1 1 
Playlist #217: Space.Elsewhere
4 6 5 6 6 5 6 5 6 6 6 6 6 5 6 6 6 6 5 5 6 6 6 5 5 5 5 5 6 4 5 5 7 6 6 5 6 6 6 5 5 6 5 6 5 3 4 6 5 6 5 6 5 6 5 6 5 5 6 6 5 6 6 6 6 5 5 4 5 6 5 6 5 6 6 5 4 6 5 6 6 6 5 7 5 5 4 6 6 5 6 6 5 5 5 6 5 5 5 6 6 6 6 5 5 5 6 6 5 5 6 2 5 6 6 5 6 6 5 6 5 6 6 5 5 7 6 5 6 6 6 
Playlist #218: Filigrees-Quiet Intensity
3 3 4 3 4 4 2 4 4 3 4 3 4 4 3 3 3 3 3 3 3 4 2 4 3 2 3 3 3 4 4 3 3 4 1 4 3 4 4 
Playlist #219: Space-Timeless-Radiant
5 5 5 5 5 3 1 3 5 6 5 5 5 5 5 6 7 4 5 2 5 5 6 5 5 4 4 6 5 4 2 6 4 5 6 6 5 6 5 6 5 6 4 7 5 4 5 4 5 4 5 5 5 5 6 3 4 5 5 3 6 6 4 3 6 5 6 6 5 6 5 6 5 6 6 5 6 5 5 5 5 5 5 5 6 5 6 5 6 7 5 5 5 6 6 6 5 5 4 5 5 5 5 7 6 5 
Playlist #220: -Chill.Party
6 5 5 5 5 5 5 5 5 5 5 6 5 5 5 6 4 5 6 5 5 6 5 5 5 5 7 6 5 5 6 5 6 6 6 6 5 5 5 6 5 12 6 5 6 5 5 5 5 5 6 6 5 6 5 5 6 5 6 7 6 5 5 5 4 4 6 5 5 5 6 5 5 5 5 5 7 5 3 5 5 6 5 7 5 5 5 5 5 4 5 5 5 5 5 5 5 5 5 5 5 7 5 6 5 5 4 5 5 5 5 6 6 
Playlist #221: -Pop.Reveries-Exultations
4 4 5 3 5 5 4 5 4 4 4 5 4 3 4 3 3 3 5 2 3 5 7 4 5 3 3 5 5 5 3 5 5 4 3 6 5 5 3 4 6 4 5 5 3 4 1 1 5 5 4 5 1 5 5 5 3 3 3 5 5 4 2 4 6 5 4 6 6 5 5 6 4 4 3 4 5 4 4 9 5 5 3 3 5 4 5 4 6 4 3 3 6 6 4 6 5 4 1 3 4 4 4 5 4 4 4 4 6 3 5 5 5 5 4 5 5 3 5 9 4 5 4 6 4 5 4 5 4 4 3 4 4 5 5 4 5 4 4 4 4 4 4 5 3 5 4 5 4 3 4 5 2 5 4 4 3 5 5 5 5 6 4 6 6 4 3 4 3 1 5 5 4 6 3 5 3 6 5 
Playlist #222: Favs.Clues
2 2 2 2 2 2 2 2 2 2 2 
Playlist #223: ZMore.Reveries-Stark
1 1 1 1 1 1 1 1 1 1 1 1 1 1 1 1 1 1 1 1 1 1 1 1 1 1 1 1 1 1 1 1 1 1 1 1 1 1 1 1 1 1 1 1 1 1 1 1 1 1 1 1 1 1 1 1 1 1 1 1 1 1 1 1 1 1 1 1 1 1 1 1 1 1 1 1 1 1 1 1 1 1 1 1 1 1 1 1 1 1 1 1 1 1 1 1 1 1 1 1 1 1 1 1 1 1 1 1 1 1 1 1 1 1 1 1 1 1 1 1 1 1 1 1 1 1 1 1 1 1 1 1 1 1 1 1 1 1 1 1 1 1 1 1 1 1 1 1 1 1 1 1 1 1 1 1 1 1 1 1 1 1 1 1 1 1 1 1 1 
Playlist #224: -Pop-Candy.Sweet
5 6 5 6 5 5 6 5 5 5 6 5 5 5 5 5 6 9 5 4 5 5 5 10 5 5 5 5 5 5 4 5 5 6 5 4 5 5 5 5 6 6 5 5 5 6 5 5 6 6 5 6 5 6 5 5 
Playlist #225: iTrip Stations
9 8 9 9 9 9 9 9 9 7 8 8 8 8 9 9 8 8 7 8 8 9 9 9 9 8 9 7 9 9 7 8 9 8 9 9 8 9 9 9 9 9 7 9 9 7 8 8 8 7 9 9 9 8 9 7 9 9 8 8 8 7 8 8 9 8 9 9 7 9 8 8 8 8 9 7 9 8 8 7 9 8 8 9 7 9 9 7 7 8 9 8 9 9 8 7 8 9 9 9 9 9 9 9 9 9 
Playlist #226: -Pop.Reveries-Dreamy
6 5 5 3 5 5 6 5 5 6 5 5 5 6 5 5 5 3 3 6 5 3 4 5 6 3 6 5 6 5 3 5 1 6 6 4 5 5 5 6 5 6 4 4 5 4 1 6 6 4 5 6 4 5 5 4 6 4 4 6 5 5 3 5 5 9 5 5 5 6 5 5 5 5 5 6 5 5 4 5 5 4 6 5 4 5 6 5 5 5 5 5 3 6 5 5 4 5 6 4 6 5 7 6 4 6 5 4 5 5 4 5 5 6 4 8 5 2 5 4 5 6 5 2 6 5 7 5 5 4 3 1 5 5 5 4 1 7 5 4 5 6 
Playlist #227: Filigrees--FierceExultations

Playlist #228: ZMore.Reveries-Sizzle
1 1 1 1 1 1 1 1 1 1 1 1 1 1 1 1 1 1 1 1 1 1 1 1 1 1 1 1 1 1 1 1 1 1 1 1 1 1 1 1 1 1 1 1 1 1 1 1 1 1 1 1 1 1 1 1 1 1 1 1 1 1 1 1 1 1 1 1 1 1 1 1 1 1 1 1 1 1 1 1 1 1 1 1 1 1 1 1 1 1 1 1 1 1 1 1 1 1 1 1 1 1 1 1 1 1 1 1 1 1 1 1 1 1 1 1 1 1 1 1 1 1 1 1 1 1 1 1 1 1 1 1 1 1 1 1 1 1 1 1 1 1 1 1 1 1 1 1 1 1 1 1 1 1 1 1 1 1 1 1 1 1 1 1 1 1 1 1 1 1 1 1 1 1 1 1 1 1 1 1 1 1 1 1 1 1 1 1 1 1 1 1 1 1 1 1 1 1 1 1 1 1 1 1 1 1 1 1 1 1 1 1 1 1 1 1 1 1 1 1 1 1 1 1 1 1 1 1 1 1 1 1 1 1 1 1 1 1 1 1 1 1 1 1 1 1 1 1 1 1 1 2 1 1 1 1 1 1 1 1 1 1 1 1 1 1 1 1 1 1 1 1 1 1 1 1 1 1 1 1 1 1 1 1 1 1 1 1 1 1 1 1 1 1 1 1 1 1 3 1 1 1 1 1 1 1 1 1 1 1 1 1 1 1 1 1 1 1 1 1 1 1 1 1 1 1 1 1 1 1 1 1 1 1 1 1 1 1 1 2 1 1 1 1 1 1 1 1 1 1 1 1 1 1 1 1 1 3 1 1 1 1 1 1 1 1 1 1 1 1 1 1 1 1 1 1 1 1 1 1 1 1 1 1 1 1 1 1 1 1 1 1 1 1 1 1 1 1 1 1 1 1 1 1 1 1 1 
Playlist #229: -Rock-Prog
3 4 5 2 4 4 3 4 1 3 2 3 4 4 4 4 3 4 1 4 2 3 1 4 3 4 3 2 3 2 3 3 4 4 4 3 3 3 3 4 4 3 3 3 3 4 3 1 2 3 4 3 2 4 2 2 3 4 4 4 1 4 3 2 3 3 1 3 4 4 4 3 4 4 3 3 2 3 1 2 4 2 2 3 3 2 4 3 1 4 3 1 3 5 3 4 2 3 4 3 2 4 4 3 3 3 3 3 4 5 4 3 3 3 4 2 1 4 4 3 4 2 1 4 4 4 3 4 3 3 3 3 4 3 3 3 3 4 2 2 2 3 4 4 4 2 3 2 3 3 4 2 3 2 3 1 4 4 3 3 2 3 3 2 3 3 3 5 3 4 3 3 4 1 4 4 4 3 2 4 3 3 3 4 4 4 4 4 3 4 2 4 2 3 4 3 4 4 4 4 4 3 4 2 3 2 4 1 4 4 2 4 3 3 4 4 3 3 5 3 4 2 3 3 4 3 3 3 4 3 4 3 4 3 3 1 4 4 3 3 4 5 3 4 3 3 3 
Playlist #230: -Pop.Reveries.Worldish
4 4 4 5 5 5 4 4 3 5 5 3 5 5 4 4 4 5 4 5 5 5 4 4 5 4 5 3 5 5 5 5 
Playlist #231: Filigrees--Flow
4 4 3 3 4 4 2 3 4 3 4 4 4 4 3 2 4 3 4 4 4 4 3 3 4 2 4 4 4 4 4 1 3 3 4 3 4 4 2 2 2 2 4 2 3 3 3 3 4 2 2 3 3 2 1 2 3 3 4 4 3 4 3 3 4 3 4 4 4 4 4 3 3 4 4 4 3 4 1 4 4 4 5 3 2 2 1 4 3 3 3 2 4 4 3 4 3 4 3 
Playlist #232: -Rock-Crisp.Cookin
5 4 4 5 4 6 5 5 5 4 5 5 4 4 4 5 5 5 4 2 3 6 6 5 4 6 6 6 5 6 4 4 5 4 6 6 5 4 4 4 6 4 5 5 5 5 5 6 4 4 4 4 4 4 5 6 7 3 6 5 6 4 5 3 4 4 3 5 6 4 3 4 6 6 5 4 3 3 7 3 5 4 3 6 4 5 5 4 5 3 4 5 6 3 3 4 4 5 3 5 5 5 6 5 3 2 5 5 6 6 3 5 5 5 5 11 5 3 5 6 4 5 5 5 4 5 6 3 4 5 5 2 5 3 5 5 6 4 6 5 5 1 6 5 5 3 2 2 5 6 7 3 5 4 5 4 5 
Playlist #233: -Rock-Convictions.Fierce Convictions
5 6 5 6 5 5 5 4 5 1 7 4 4 5 5 5 6 6 5 2 6 1 5 6 4 5 7 5 5 7 6 6 6 5 5 5 6 6 7 5 5 6 5 6 5 6 6 3 4 5 6 5 5 5 
Playlist #234: Hyper-Surge

Playlist #235: ZFor.Chelsea 1, Jan '10
1 1 1 1 1 1 1 1 1 1 1 1 1 1 1 1 1 1 1 1 1 1 1 1 1 1 1 1 1 1 1 1 1 1 1 1 1 1 1 1 1 1 1 1 1 1 1 1 2 1 1 1 1 1 1 1 1 1 1 1 2 1 2 1 1 1 2 1 1 1 1 1 1 1 1 1 1 1 1 1 1 1 1 1 1 1 1 1 1 1 1 1 1 1 1 1 1 1 1 1 1 1 1 1 1 1 1 1 1 1 1 1 1 1 1 1 1 1 1 1 1 1 1 1 1 1 1 1 1 1 1 1 1 1 1 1 1 1 1 1 1 1 1 1 1 1 1 1 1 1 1 1 1 1 1 1 1 1 1 1 1 1 1 1 1 1 1 1 1 1 1 1 1 1 1 1 1 1 1 1 1 1 1 1 1 1 1 1 1 1 1 1 1 1 1 1 1 1 1 1 1 1 1 1 1 1 1 1 1 1 1 1 1 1 1 1 1 1 1 1 1 2 1 1 1 1 1 1 1 1 1 1 1 1 1 1 1 1 1 1 1 1 1 1 1 1 1 1 1 1 1 1 1 1 2 1 1 1 1 1 1 1 1 1 1 1 1 1 1 1 1 1 1 1 1 1 1 1 1 1 1 1 1 1 1 1 1 1 1 1 1 1 1 1 1 1 1 1 1 1 1 1 1 1 1 1 1 1 2 1 1 1 1 1 1 1 
Playlist #236: -Pop.Reveries-Sublime
4 6 3 1 6 6 4 7 3 7 3 3 3 4 6 3 6 6 5 6 3 4 4 4 6 6 6 6 4 5 7 4 4 13 7 3 6 6 4 4 4 6 4 5 6 3 4 6 3 4 6 6 7 7 5 3 6 6 4 4 4 6 3 6 8 6 5 7 4 6 4 3 3 6 1 4 4 6 3 3 6 6 4 6 3 5 6 2 4 1 4 3 4 4 6 2 5 6 3 4 6 7 3 2 3 6 6 2 4 6 6 5 4 1 4 4 4 5 6 7 2 3 2 6 5 6 5 6 4 2 4 4 1 7 4 7 6 6 6 6 3 4 6 4 4 4 6 2 6 6 6 5 6 6 4 6 3 7 6 6 7 4 3 3 7 4 7 6 5 3 7 6 6 
Playlist #237: -Rock-Crisp-Vitalities
3 3 3 3 3 3 3 3 4 4 2 4 4 4 3 4 4 4 3 3 4 2 3 3 3 4 4 3 3 2 3 3 3 3 3 3 3 3 4 4 3 2 4 3 3 3 4 4 4 4 3 2 3 4 3 4 3 3 3 4 3 3 3 4 4 3 4 3 3 3 3 3 3 4 3 3 3 3 3 3 3 4 3 3 3 3 4 3 3 3 4 3 2 3 2 2 3 3 2 
Playlist #238: ZFor.Gretchen, May 07
1 1 1 1 1 1 1 1 1 1 1 1 1 1 1 1 1 1 1 1 2 2 1 1 1 1 1 1 1 1 1 1 1 1 1 2 1 1 1 1 1 
Playlist #239: -Chill.Cool
6 6 5 11 6 4 5 5 4 8 5 5 6 6 6 5 5 2 6 5 3 7 5 6 5 5 6 5 6 5 6 6 6 7 4 5 5 5 5 5 6 5 5 6 6 11 6 12 6 5 5 5 6 5 5 5 7 5 7 5 7 7 1 5 5 5 5 6 6 5 6 5 5 5 7 6 5 6 7 6 6 6 7 5 6 5 4 5 5 5 6 8 1 6 5 5 4 5 7 5 5 6 5 6 6 5 5 3 6 5 6 5 6 6 
Playlist #240: Filigrees-Stark
5 6 5 4 4 4 3 6 4 4 5 3 5 4 3 6 5 1 3 5 4 5 5 4 3 5 7 4 4 3 5 2 3 4 5 5 5 4 5 3 5 3 1 7 5 3 3 3 3 2 3 3 3 4 6 4 1 3 5 5 3 4 5 4 3 4 1 1 3 4 4 3 3 4 4 3 4 9 4 5 4 4 4 5 4 4 2 6 3 5 5 4 5 4 4 6 4 4 5 4 5 5 4 4 4 3 5 4 7 4 3 5 4 5 4 5 6 5 3 3 2 4 4 2 5 3 4 3 3 6 3 4 7 4 3 
Playlist #241: -Rock.Big Beat.Force
5 5 5 4 5 2 2 7 6 5 3 3 5 3 5 2 4 3 5 3 5 1 2 5 5 5 5 5 2 5 6 1 6 5 3 4 2 4 
Playlist #242: Space-Hypnotic-Murmur
1 1 5 5 3 3 3 3 5 5 5 5 5 4 1 8 5 4 5 5 4 5 3 4 3 3 4 5 5 4 4 4 3 3 6 3 5 3 5 4 1 3 3 3 3 5 5 5 3 5 4 4 5 2 6 4 5 4 4 3 1 4 3 1 1 1 3 4 5 5 5 1 3 5 4 5 4 5 3 3 5 1 1 3 3 7 4 5 3 8 3 3 6 5 1 4 3 
Playlist #243: Space.Trance
1 5 6 6 5 7 5 1 5 6 2 6 5 6 5 13 6 8 7 4 5 2 5 4 5 6 5 5 6 5 6 6 4 5 13 7 6 3 4 6 5 6 6 5 6 5 6 5 5 5 5 5 5 6 4 5 5 5 4 6 5 5 6 5 6 6 5 1 5 6 6 6 6 5 4 6 1 7 5 4 5 5 6 6 6 4 6 5 4 5 2 7 7 5 1 6 5 7 6 6 6 5 6 6 6 5 6 4 5 6 5 5 5 6 6 8 4 5 6 7 5 6 6 6 7 6 2 6 5 7 5 4 5 6 6 5 7 5 5 
Playlist #244: ZFor.Ginger, Feb '08
1 1 1 1 1 1 1 1 1 1 1 1 1 1 1 1 1 1 1 1 1 1 1 1 1 1 1 1 1 1 2 1 1 
Playlist #245: Hyper-Sizzle
3 5 5 5 5 3 4 5 6 6 5 5 6 5 5 9 5 5 5 6 6 5 5 5 5 6 5 4 6 5 5 6 6 5 6 5 6 5 4 6 5 5 5 2 5 6 5 5 6 6 3 2 3 5 5 7 5 6 5 6 5 4 6 5 6 6 6 5 5 4 5 5 4 5 6 2 5 5 5 6 7 6 5 2 6 5 5 6 5 4 6 7 5 6 5 4 4 6 6 6 6 5 5 5 6 11 5 2 2 4 5 4 4 5 5 6 5 6 4 5 6 4 5 5 5 6 6 5 6 6 5 5 6 4 5 4 4 6 
Playlist #246: Space-Timeless.Insistent
5 6 5 6 6 6 3 8 1 5 7 6 6 6 6 5 5 5 6 5 6 5 5 4 5 5 7 4 5 5 6 6 6 5 4 5 5 4 5 5 6 3 5 6 2 4 4 5 5 6 2 6 2 6 3 5 4 7 6 6 1 6 6 6 6 5 4 6 5 5 5 6 6 6 6 6 6 5 4 6 6 4 6 6 5 5 6 4 5 6 5 
Playlist #247: broken
9 
Playlist #248: -Pop.Reveries-Stark
3 2 3 3 2 4 4 4 3 4 3 2 3 3 3 2 2 3 2 3 2 3 3 1 1 3 3 3 3 2 4 3 3 3 3 3 4 4 4 4 2 2 3 3 4 3 3 3 3 1 3 2 4 3 3 3 4 2 3 2 2 4 4 3 3 2 3 3 4 4 3 3 5 2 2 3 3 3 4 2 4 2 2 4 4 2 3 2 4 4 4 3 4 1 2 2 3 2 3 4 4 4 2 3 3 3 2 3 3 4 4 3 3 3 4 3 3 3 3 3 1 2 3 4 4 1 2 2 2 3 3 2 3 3 3 4 2 1 4 3 3 3 3 3 2 3 2 4 3 3 3 3 2 3 4 4 2 4 2 2 3 2 2 3 3 3 2 3 1 3 3 4 3 3 3 3 3 3 2 3 3 1 2 4 4 3 3 4 3 4 4 3 4 3 3 4 2 4 3 3 3 
Playlist #249: Hyper -Journey
4 3 3 3 4 3 3 3 4 3 4 4 4 4 4 4 4 4 4 4 3 4 4 2 4 3 1 3 
Playlist #250: -Rock-Crisp-Crystalline
5 5 5 4 4 4 4 6 2 4 5 7 2 3 4 5 4 3 5 4 2 1 4 4 5 5 4 5 5 4 2 4 5 4 4 5 4 4 4 3 3 5 5 4 2 4 4 5 1 3 5 5 3 4 4 4 4 4 4 
Playlist #251: ZFor.Caylin Jan '09
1 1 1 1 1 1 
Playlist #252: -Pop.Reveries.Reveries
3 4 5 3 4 3 3 4 2 4 4 3 2 4 3 3 2 3 3 3 3 4 3 3 3 4 3 2 2 3 3 2 4 3 4 3 4 3 3 4 3 2 4 3 3 3 3 3 3 3 2 4 4 4 2 3 3 4 4 3 3 2 3 3 3 3 3 5 3 4 3 3 3 3 3 3 3 3 3 3 3 4 4 3 3 3 2 4 3 3 2 4 3 4 3 3 2 2 3 3 3 2 3 4 3 4 2 3 4 2 3 3 3 4 3 4 4 4 3 4 3 3 4 3 3 2 4 3 4 3 3 3 3 2 4 3 3 4 2 3 4 5 4 4 4 2 4 4 4 4 3 4 4 3 4 3 3 4 4 4 3 3 4 4 3 2 3 3 4 2 3 3 2 4 4 4 3 3 3 3 4 4 3 4 3 3 3 4 4 3 3 3 3 3 2 3 3 2 4 3 3 2 2 3 4 3 2 2 3 4 3 2 4 4 3 3 2 4 4 3 3 4 3 3 3 4 4 3 4 2 3 5 3 4 4 3 3 4 
Playlist #253: Filigrees-Sizzling
9 9 6 6 10 8 6 7 9 7 8 7 5 8 8 9 9 8 4 8 6 6 8 12 5 6 9 9 9 8 2 5 8 9 6 9 7 9 6 9 2 8 4 7 8 9 8 5 11 13 9 12 9 7 8 7 3 10 6 13 9 8 9 9 7 9 8 5 3 7 7 8 8 1 9 8 9 6 7 7 8 8 7 9 2 6 8 9 8 6 9 8 9 9 2 8 2 8 3 6 9 8 1 7 
Playlist #254: ZFor.Robbie, May 07
1 1 1 1 1 1 1 1 1 1 1 1 1 1 1 1 1 1 
Playlist #255: ZFor.Izza, Oct 2010
1 1 1 1 1 1 1 1 1 1 1 1 1 1 1 1 1 1 1 1 1 1 1 2 1 1 1 1 1 1 1 1 1 1 1 1 1 1 2 1 1 1 1 1 1 1 1 1 1 1 1 1 1 1 1 1 1 1 1 1 1 1 1 1 1 1 1 1 1 1 1 1 1 1 1 1 1 1 1 1 1 1 
Playlist #256: --Space
2 1 1 1 1 1 1 1 1 1 1 1 1 1 1 1 1 1 1 1 1 1 1 1 1 1 1 1 1 1 2 1 1 1 1 1 1 1 1 1 1 1 1 1 1 1 1 1 1 1 1 1 1 1 1 1 1 1 1 1 1 1 1 1 1 1 1 1 1 1 1 1 1 1 1 1 1 1 1 2 1 1 1 1 1 1 1 1 1 1 1 1 1 1 1 1 1 1 1 1 1 2 1 1 1 1 1 1 2 1 1 1 1 1 1 1 1 1 1 1 2 1 1 1 1 1 1 1 1 1 1 1 1 1 1 1 1 1 1 1 1 1 1 1 1 1 1 2 1 1 1 1 1 1 1 2 1 1 1 1 1 1 1 1 1 1 1 1 1 1 1 1 1 1 1 1 1 1 1 1 1 1 1 1 1 1 1 1 1 1 1 1 1 1 1 1 1 1 1 1 1 1 1 1 1 1 1 1 1 1 1 1 1 1 1 1 1 1 1 1 1 1 1 1 1 1 1 1 2 1 1 1 1 1 1 1 1 1 1 1 1 1 1 1 1 1 1 1 1 1 1 1 1 1 1 1 1 1 1 1 1 1 1 1 1 1 1 1 1 1 1 1 1 1 1 1 1 1 1 1 1 1 1 1 1 1 1 1 1 1 1 1 1 1 1 1 1 1 1 1 1 1 1 1 1 1 1 1 1 1 1 1 1 1 1 1 1 1 1 1 1 1 1 1 1 1 1 1 1 1 1 1 1 1 1 1 1 1 1 1 1 1 1 1 1 1 1 1 1 1 1 1 1 1 1 1 1 1 1 1 1 1 1 1 1 1 1 1 1 1 1 2 1 1 1 1 1 1 1 1 1 1 1 1 1 1 1 1 1 1 1 1 2 1 1 1 1 1 1 1 1 1 1 1 2 1 1 1 2 1 1 1 1 1 1 1 1 1 1 1 1 1 1 1 1 1 1 1 2 1 1 1 1 1 1 1 1 1 
Playlist #257: -- Hypnotic
3 3 3 3 3 1 3 1 3 4 1 3 1 3 1 3 3 1 3 5 3 3 1 1 3 2 3 3 3 3 3 1 1 1 3 3 1 3 1 3 3 1 3 3 2 2 3 1 2 1 6 2 1 3 1 3 9 1 3 3 1 1 4 1 1 3 3 7 2 3 3 3 3 1 3 1 2 3 3 3 3 1 3 1 3 3 1 1 4 2 3 3 3 1 1 1 3 1 4 1 1 3 2 1 3 3 3 4 1 3 3 1 3 3 2 3 3 3 3 3 3 3 3 3 2 3 1 3 3 3 3 3 2 1 3 4 1 3 3 1 3 3 1 2 3 2 3 3 3 3 2 3 3 1 1 1 3 1 3 3 2 5 1 1 2 3 3 1 3 3 1 1 3 2 1 1 1 3 2 3 1 3 1 4 3 1 3 3 1 3 1 1 1 1 3 3 3 1 1 3 1 1 1 3 3 3 3 3 3 3 3 1 3 3 3 4 3 3 1 3 3 3 7 1 3 1 3 3 3 3 3 3 1 2 3 1 3 1 1 3 1 3 4 3 2 3 1 1 1 1 3 3 1 3 3 3 3 3 4 3 3 3 3 7 3 3 3 3 3 3 3 4 3 3 3 4 1 1 2 1 1 1 3 1 4 2 1 3 3 2 
Playlist #258: ZFor.Kath - Solemn Oct '05
1 1 1 1 1 1 1 1 1 1 1 1 1 1 1 1 1 1 1 1 1 
Playlist #259: ZFor.John Glenn, May 07
1 1 1 1 1 1 1 1 1 1 1 1 1 1 1 1 1 1 1 1 1 1 1 1 1 1 1 1 1 1 1 1 1 1 1 1 1 1 1 1 
Playlist #260: Filigrees-Phase.Night
6 6 6 5 6 6 6 5 5 5 4 5 5 6 6 4 6 6 6 5 6 6 6 1 6 6 5 6 6 5 5 5 4 6 6 7 6 7 4 6 6 6 5 6 4 6 7 6 6 4 6 5 5 5 5 6 6 4 6 6 6 6 6 6 6 6 6 5 6 6 5 6 6 5 6 6 4 6 2 6 5 6 6 6 6 5 6 6 6 6 6 9 5 6 5 6 7 6 5 6 5 6 5 6 6 6 5 5 5 6 5 6 5 4 8 5 5 5 6 5 4 6 6 7 6 6 5 6 6 7 5 6 7 5 6 5 
Playlist #261: Space-Timeless-Rave
2 2 2 3 2 2 2 2 4 3 2 2 3 2 2 3 5 1 2 2 3 5 3 3 2 3 2 3 3 1 3 3 2 3 2 3 3 3 3 3 2 1 3 3 3 2 3 2 3 2 3 3 2 
Playlist #262: Space.Deep
6 6 4 6 5 6 6 5 4 5 13 6 6 7 5 5 6 7 6 5 6 5 6 6 4 4 6 1 4 6 6 6 5 6 5 1 6 5 5 1 5 5 5 6 5 6 4 1 1 6 2 5 5 6 3 6 6 5 4 5 6 6 5 5 4 6 3 5 6 1 5 6 4 5 3 4 6 6 4 6 1 6 6 6 5 6 6 5 5 5 6 4 4 1 6 6 6 5 5 5 2 6 4 7 1 1 6 5 4 1 6 6 5 5 1 13 5 2 1 6 5 
Playlist #263: Space-Timeless-Abiding
4 4 4 4 2 4 4 4 4 4 5 5 6 5 5 5 4 5 4 5 4 4 4 5 5 4 5 4 4 4 4 4 4 4 4 4 4 6 4 5 4 4 4 4 4 4 5 4 4 5 4 
Playlist #264: Hyper-Abiding
2 2 2 3 2 2 3 2 2 2 1 3 2 3 2 3 2 2 2 4 1 3 2 2 1 2 2 2 1 2 2 1 
Playlist #265: ZFor.Jordan3
1 1 1 1 1 1 
Playlist #266: ZMore.Rock.Cacophony
1 1 1 1 1 1 1 1 1 1 1 1 1 1 1 1 1 1 1 1 1 1 1 1 1 1 1 1 1 1 1 1 1 1 1 1 1 1 1 1 1 1 1 1 1 1 1 1 1 1 1 1 1 1 1 1 1 1 1 1 1 1 1 1 1 1 1 1 1 1 1 1 1 1 1 1 1 1 1 1 1 1 1 1 1 1 1 1 1 1 1 1 1 1 1 1 1 1 1 1 1 1 1 1 1 1 1 1 
Playlist #267: Filigrees-Soft-Intricate Light
6 6 4 4 3 6 6 5 5 6 5 6 3 6 5 6 5 4 5 5 4 4 6 3 6 6 4 6 4 4 3 6 6 5 5 4 5 4 3 5 4 5 5 6 5 5 3 6 4 6 6 6 4 4 5 5 6 4 5 6 6 2 4 1 4 5 5 5 6 4 4 5 4 4 6 4 5 5 3 4 3 6 6 6 4 5 6 6 4 6 2 6 5 4 4 5 5 7 4 6 4 4 5 4 2 4 4 3 4 5 6 4 6 4 5 
Playlist #268: ZFor.Jordan1, Aug 07
1 1 1 1 1 1 1 1 1 1 1 1 1 1 
Playlist #269: Filigrees-Soft-Exultations
4 2 4 4 4 3 4 3 4 3 2 4 4 4 4 3 2 2 4 3 2 4 3 3 1 4 4 3 4 3 3 4 4 1 3 4 4 4 1 2 4 3 
Playlist #270: Filigrees.Chiming
5 6 6 6 6 5 4 5 4 6 6 6 6 6 6 6 5 6 6 5 6 4 6 5 7 6 4 6 5 4 2 4 5 5 6 2 4 6 6 6 4 4 4 4 6 4 6 5 5 4 5 5 4 6 5 6 5 5 5 
Playlist #271: -Pop-Sparse
5 5 5 5 4 4 4 6 4 4 5 5 4 5 4 4 5 5 4 5 4 4 6 5 5 5 5 8 5 6 5 4 5 5 5 5 5 5 5 4 4 5 4 5 5 5 6 6 5 5 4 5 5 5 5 5 5 5 6 5 4 5 4 5 1 5 5 4 5 5 4 5 5 5 5 5 5 5 4 4 5 5 5 5 5 4 5 5 5 5 4 7 5 4 5 5 4 5 5 1 5 4 5 5 5 5 6 5 5 4 4 4 7 6 4 4 5 5 5 5 5 5 5 7 4 1 5 4 6 5 4 5 5 4 5 6 4 5 5 4 3 5 5 5 5 5 5 7 4 4 5 5 5 4 5 5 5 4 5 6 4 5 4 5 6 5 4 5 5 4 5 5 4 
Playlist #272: ZRingTones.android
5 3 4 3 4 3 3 4 5 4 5 4 5 4 5 3 4 5 5 5 5 4 5 5 3 3 4 4 4 4 4 4 5 
Playlist #273: -Pop.Reveries--Infusive
3 3 3 3 3 4 4 3 3 3 3 4 4 3 3 2 7 4 3 3 11 3 4 3 3 4 3 3 2 4 4 3 1 3 3 9 3 3 3 3 4 7 4 3 4 2 9 3 4 4 3 4 4 3 9 2 4 9 3 3 3 4 2 4 3 3 3 3 3 9 4 4 4 4 3 7 3 3 1 4 3 3 2 4 1 7 3 3 4 7 4 3 3 3 3 3 3 3 8 3 4 2 3 3 3 3 3 3 3 3 3 3 4 3 4 3 4 4 3 1 9 3 4 2 9 4 3 4 3 3 3 
Playlist #274: ZFor Distinctives

Playlist #275: Filigrees-Abiding
5 4 4 4 6 5 4 5 5 5 4 4 2 5 5 7 5 2 5 5 6 5 5 4 5 3 3 5 2 5 5 5 5 5 5 5 5 6 6 5 2 5 2 5 4 6 7 3 4 5 2 4 3 5 6 4 5 4 2 3 5 4 5 
Playlist #276: ZMore.Crisp.She Vox
1 1 1 1 1 1 1 1 1 1 1 1 1 1 1 1 1 1 1 1 1 1 1 1 1 1 1 1 1 1 1 1 1 1 1 1 1 1 1 1 1 1 1 1 1 1 1 1 1 1 1 1 1 1 1 1 1 1 1 1 1 1 1 1 1 1 1 1 1 1 1 1 
Playlist #277: --Pop.Reveries

Playlist #278: Filigrees.Beat
6 6 6 8 5 6 6 6 4 5 8 6 6 5 5 5 5 6 6 6 6 6 5 6 5 4 5 6 5 6 5 5 5 5 5 6 4 3 6 5 5 6 2 6 6 6 5 6 5 5 6 6 5 5 5 5 6 6 6 4 6 6 5 2 5 6 6 6 6 4 6 6 6 2 5 5 6 6 6 6 6 6 6 6 5 6 5 6 6 6 5 6 6 6 6 5 3 5 5 3 6 5 6 1 6 
Playlist #279: Filigrees--Bold Acapella (ish)
3 2 3 3 3 2 2 3 3 3 3 3 2 3 3 3 3 3 3 2 3 3 3 1 3 3 2 2 3 3 3 3 3 3 3 3 3 2 3 2 3 3 3 3 1 3 3 3 3 2 3 2 2 3 1 3 3 3 2 3 3 3 3 3 3 1 2 3 3 3 3 3 3 3 3 2 3 3 3 3 3 3 3 2 3 3 2 3 3 3 3 3 3 3 3 2 2 3 3 3 3 3 2 3 3 4 3 2 3 2 2 3 3 3 
Playlist #280: Filigrees-Simply Intricate
8 6 6 5 7 7 6 7 7 5 2 6 4 7 7 7 3 1 1 1 6 6 6 7 6 4 7 6 2 7 6 2 7 7 1 7 1 6 5 7 6 6 2 1 7 6 7 5 2 6 6 2 7 8 5 1 3 7 6 1 2 1 5 5 7 7 5 6 2 1 7 2 7 1 2 1 2 6 7 7 5 6 1 1 6 1 6 1 2 7 1 1 6 6 6 3 1 7 7 2 2 2 2 5 6 7 1 7 1 7 2 1 2 2 1 1 1 7 1 5 2 1 1 6 7 7 2 2 2 1 8 6 1 6 7 6 7 7 1 6 5 2 8 1 7 2 1 7 3 5 6 8 7 6 6 1 2 6 7 5 6 3 1 1 5 3 1 1 6 7 5 2 7 6 1 6 1 1 7 6 7 8 6 5 7 
Playlist #281: Filigrees-Formal.Crisp
1 1 
Playlist #282: Friends Ambience.Gary Rouzer
6 4 5 5 5 5 5 1 
Playlist #283: ZRingTonespersonal
5 9 5 8 5 5 4 6 5 5 3 5 8 5 5 5 5 5 5 5 10 8 5 3 5 5 6 3 5 5 
Playlist #284: Misc

Playlist #285: Filigrees-Bouncy
3 2 3 4 3 4 4 4 4 4 4 4 3 4 3 3 4 2 3 1 4 3 3 3 4 3 4 4 4 4 3 4 3 4 3 3 4 3 4 2 4 3 3 8 3 4 4 3 4 3 4 3 4 3 3 4 4 4 3 4 4 4 2 4 4 3 3 3 3 3 4 4 4 4 4 4 4 4 5 4 4 4 4 1 4 4 3 3 3 3 
Playlist #286: ZFor.kevin and cheryl Nov 05
1 1 1 1 1 1 1 1 1 1 1 1 1 1 1 1 1 1 1 1 1 1 1 1 1 1 1 1 1 1 1 1 1 1 1 1 1 1 1 1 1 1 2 1 1 1 1 1 1 1 1 1 1 1 1 1 1 1 1 1 1 1 1 1 1 1 1 1 1 1 1 1 1 1 1 1 1 1 1 1 1 1 1 1 1 1 1 1 1 1 1 1 1 1 1 1 1 1 1 1 1 1 1 1 1 1 1 1 1 1 1 1 1 1 1 1 1 1 1 1 1 1 1 1 1 1 1 1 1 1 1 1 1 1 1 1 1 1 1 1 1 1 1 1 1 1 1 1 1 1 1 1 1 1 1 1 1 1 1 1 1 1 1 1 1 1 1 1 1 1 1 1 1 1 1 1 1 1 1 1 1 1 1 1 1 1 1 1 1 1 1 1 1 1 1 1 1 1 1 1 1 1 1 1 1 1 1 1 1 1 1 1 1 1 1 1 1 1 1 1 1 
Playlist #287: Filigrees-Soft-Silky
6 4 5 6 5 5 4 6 6 6 6 6 5 6 6 6 5 6 5 6 6 7 5 6 5 6 6 6 5 6 2 6 5 5 6 5 6 7 5 7 6 6 6 6 6 6 6 6 5 5 5 5 6 6 2 6 6 6 4 5 7 6 6 6 6 6 6 6 6 3 5 5 6 7 5 
Playlist #288: ZMore.Crisp.Winter/XMas
1 1 1 1 1 1 1 1 1 1 1 1 1 1 1 1 1 1 1 1 1 1 1 1 1 1 1 1 1 1 1 1 1 1 1 1 1 1 1 1 1 1 1 1 1 1 1 
Playlist #289: ZMore.Crisp.Crisp n' Frantic
1 1 1 1 1 1 1 1 1 1 1 1 1 1 1 1 1 1 1 1 1 1 1 1 1 1 1 1 1 1 1 1 1 2 1 1 1 1 1 1 1 1 1 1 1 1 1 1 1 1 1 1 1 1 1 1 1 1 1 1 1 1 1 1 1 1 1 1 1 1 1 1 1 1 1 1 1 1 1 1 1 1 1 1 1 1 1 1 1 1 1 1 1 
Playlist #290: -Chill-Bones
4 5 6 5 4 4 4 4 4 6 4 5 5 2 7 5 4 4 6 4 2 6 7 2 4 5 6 8 4 6 5 6 6 5 5 1 5 4 4 6 6 
Playlist #291: ZFrom.Loren, Oct 29 '05
1 1 1 1 1 1 1 1 1 1 1 1 1 1 1 1 1 1 1 1 1 1 1 1 1 1 1 1 1 1 1 1 1 1 1 1 1 1 1 1 1 1 1 1 1 1 1 1 1 1 1 1 1 1 1 1 1 1 1 1 1 1 1 1 1 1 1 1 1 1 1 1 1 1 1 1 
Playlist #292: Filigrees.Jazzin'
3 4 3 4 3 5 4 4 4 4 3 4 3 4 4 3 4 3 4 3 4 4 4 3 4 4 4 3 3 4 3 3 4 4 4 3 3 3 4 4 3 4 4 3 4 3 4 4 3 5 4 4 4 4 4 3 3 4 4 4 4 4 4 4 4 3 3 4 4 4 3 3 3 4 3 4 2 4 4 4 4 4 4 2 4 4 3 3 4 3 4 4 4 4 4 3 4 4 4 5 3 3 3 3 2 4 3 4 4 3 5 3 4 4 4 4 4 3 3 4 3 4 3 5 4 4 4 3 2 3 4 3 3 4 4 4 4 4 4 3 3 4 3 3 4 4 4 4 3 4 3 4 4 4 4 1 4 4 4 4 4 4 4 4 4 3 4 4 3 4 4 4 4 5 4 4 4 4 4 4 4 4 4 5 3 4 4 4 2 3 4 4 3 4 3 2 4 4 1 4 3 4 3 4 4 3 3 4 3 4 4 3 4 4 4 
Playlist #293: -Rock-Force-Sheer Force
7 5 5 7 2 5 5 4 5 6 10 7 6 2 5 6 6 5 6 6 7 6 7 6 5 5 5 6 7 5 7 5 6 5 8 5 6 13 5 7 5 7 6 5 10 6 5 5 7 6 6 5 6 6 2 6 6 5 6 6 5 6 7 5 4 6 5 5 9 5 6 5 5 5 7 5 7 
Playlist #294: -Stark-Turbulence
4 4 4 3 3 4 3 3 4 3 4 3 3 4 3 4 4 4 4 4 3 3 4 3 4 4 3 4 3 3 4 4 4 4 4 4 3 4 4 4 3 3 4 4 4 4 3 4 3 4 3 3 3 3 3 3 3 3 4 
Playlist #295: Filigrees-Amiable Interludes
5 6 4 4 3 4 4 4 4 4 4 4 4 6 5 4 3 5 4 3 4 4 5 3 4 4 5 6 5 4 4 5 2 4 4 4 4 4 5 4 4 4 4 4 4 4 2 4 4 4 4 5 4 4 4 4 4 3 4 4 4 4 5 4 6 3 4 3 4 4 3 4 4 3 4 4 4 4 5 4 4 4 4 9 4 3 4 4 4 3 4 4 5 4 5 4 4 4 4 6 4 6 4 4 5 4 4 2 4 5 4 4 4 4 3 4 4 4 5 4 4 4 6 5 3 4 4 5 3 4 6 4 4 6 4 4 4 4 4 4 4 4 4 2 5 2 4 4 4 4 4 4 4 4 2 4 4 4 4 3 4 4 4 5 3 4 4 4 4 5 4 3 4 4 5 4 4 4 4 4 4 4 4 1 4 3 4 4 4 3 4 4 4 5 4 3 4 3 
Playlist #296: ZFor.Jordan2, Jan, Mar 08
1 1 1 1 1 1 1 1 1 1 1 1 1 1 1 1 1 1 
Playlist #297: Filigrees-Deeply Grooved
5 5 4 3 5 5 4 4 4 4 5 5 4 4 4 4 3 4 7 5 4 4 5 5 4 4 4 4 5 5 3 5 5 5 4 4 4 5 4 1 5 4 4 5 11 4 5 11 5 4 5 4 4 4 5 3 4 5 4 4 4 5 4 4 5 4 4 4 4 4 4 4 4 4 4 4 4 4 4 5 5 4 4 4 4 4 4 9 5 4 4 4 4 4 5 3 4 4 4 1 4 5 6 4 6 5 4 5 4 4 4 5 4 4 4 4 4 4 4 4 5 4 5 4 3 4 4 4 4 5 5 5 5 6 4 3 5 5 5 4 4 4 4 4 4 5 3 4 6 5 3 5 4 5 5 3 6 4 4 4 4 5 5 4 4 4 5 5 4 4 4 4 4 4 4 5 5 4 5 5 4 5 4 4 3 4 
Playlist #298: -Pop. Reveries-Ambling
3 2 5 2 2 3 2 3 2 3 2 2 3 3 5 2 3 4 4 3 3 3 4 2 7 9 2 3 3 2 3 4 2 2 3 4 2 2 3 3 3 2 5 3 4 
Playlist #299: -Pop.Reveries.Songs
4 5 5 5 5 6 6 4 5 6 5 5 4 5 4 4 5 5 5 6 5 5 5 5 5 6 5 6 5 6 5 5 6 5 5 5 5 4 4 4 6 5 5 6 6 4 6 4 6 6 6 6 5 5 5 5 5 4 5 4 4 5 5 6 4 6 6 6 6 4 5 4 5 6 5 5 5 5 5 4 5 5 4 6 6 6 5 5 5 4 4 5 6 6 5 5 5 5 5 4 5 5 6 6 5 5 5 4 5 4 4 4 5 4 6 5 4 6 5 6 6 5 5 4 5 5 5 5 4 5 4 6 6 6 6 5 5 4 6 6 6 6 5 5 5 4 5 5 6 
Playlist #300: Hyper-Vivid
5 5 5 6 4 6 6 5 5 5 6 5 6 6 6 5 5 5 5 5 6 5 6 5 5 5 5 5 5 6 5 5 6 5 6 6 6 5 6 5 6 6 5 6 6 6 5 5 5 6 5 5 5 6 5 5 5 5 6 5 5 5 5 6 6 5 5 5 5 6 5 6 6 5 5 5 4 5 5 6 6 5 5 5 6 6 7 6 5 5 5 6 5 5 5 6 6 5 6 5 6 6 6 5 6 5 5 7 6 6 6 6 5 6 
{'pre': {'dups': 50748,
         'playlist_tracks': 91613,
         'playlists': 300,
         'playlists_with_dups': 144}}
{'post': {'dups': 0,
          'playlist_tracks': 91613,
          'playlists': 300,
          'playlists_with_dups': 0}}
>>> 
